WEIGHTS, -8.55,9.24
DUTY, 82
ANGLE, -1, -49, 1376, 0, 336, -0.34

WEIGHTS, -8.51,9.21
DUTY, 82
ANGLE, 6, -66, 1359, 4, 348, -0.05

WEIGHTS, -8.56,9.22
DUTY, 82
ANGLE, 0, -68, 1373, -7, 346, -0.30

WEIGHTS, -8.55,9.21
DUTY, 82
ANGLE, 7, -62, 1374, 3, 345, -0.01

WEIGHTS, -8.52,9.21
DUTY, 82
ANGLE, 8, -72, 1357, -3, 339, 0.04

WEIGHTS, -8.52,9.22
DUTY, 82
ANGLE, 2, -64, 1367, 5, 359, -0.22

WEIGHTS, -8.51,9.22
DUTY, 82
ANGLE, 5, -60, 1365, 11, 336, -0.09

WEIGHTS, -8.54,9.23
DUTY, 82
ANGLE, 6, -66, 1359, 7, 343, -0.05

WEIGHTS, -8.53,9.22
DUTY, 82
ANGLE, 0, -71, 1358, -8, 331, -0.30

WEIGHTS, -8.52,9.21
DUTY, 82
ANGLE, 7, -55, 1364, -1, 349, -0.01

WEIGHTS, -8.52,9.21
DUTY, 82
ANGLE, 3, -67, 1379, 9, 349, -0.18

WEIGHTS, -8.48,9.21
DUTY, 82
ANGLE, 1, -62, 1369, 11, 340, -0.26

WEIGHTS, -8.62,9.25
DUTY, 82
ANGLE, 17, -195, 1014, 60, 329, 0.64

WEIGHTS, -8.27,9.92
DUTY, 82
ANGLE, 20, -49, 1347, 57, 347, 0.55

WEIGHTS, -4.94,9.76
DUTY, 82
ANGLE, 59, -74, 1318, 78, 344, 2.26

WEIGHTS, 1.98,10.29
DUTY, 82
ANGLE, -89, -291, 1509, -146, 317, -3.61

WEIGHTS, 66.49,12.74
DUTY, 82
ANGLE, -49, -131, 1364, 218, 320, -2.35

WEIGHTS, 96.12,13.85
DUTY, 82
ANGLE, -283, -316, 938, 116, 518, -0.79

WEIGHTS, 149.15,50.31
DUTY, 76
ANGLE, 350, -180, 1229, 187, 464, -1.08

WEIGHTS, 133.27,47.40
DUTY, 74
ANGLE, 100, -183, 1531, -124, 374, 3.41

WEIGHTS, 108.30,76.22
DUTY, 73
ANGLE, 64, -228, 1367, -54, 416, 2.34

WEIGHTS, 102.58,79.55
DUTY, 72
ANGLE, -288, -86, 1350, -190, 373, 0.39

WEIGHTS, 95.46,60.02
DUTY, 72
ANGLE, 226, -130, 1496, -18, 369, 8.26

WEIGHTS, 106.23,93.10
DUTY, 71
ANGLE, -37, -36, 1366, -145, 366, -1.85

WEIGHTS, 77.30,81.03
DUTY, 82
ANGLE, 73, 12, 1393, 22, 351, 2.70

WEIGHTS, 83.71,89.00
DUTY, 82
ANGLE, 8, 17, 1378, -5, 328, 0.03

WEIGHTS, 80.14,91.39
DUTY, 82
ANGLE, 80, 15, 1352, 53, 318, 3.09

WEIGHTS, 75.16,98.66
DUTY, 82
ANGLE, 8, -47, 1424, 96, 295, 0.02

WEIGHTS, 64.88,106.02
DUTY, 72
ANGLE, 10, -122, 1385, -11, 328, 0.11

WEIGHTS, 66.97,107.95
DUTY, 75
ANGLE, 33, -88, 1365, 41, 332, 1.08

WEIGHTS, 65.78,107.83
DUTY, 92
ANGLE, 43, -125, 1335, 83, 311, 1.54

WEIGHTS, 63.18,110.92
DUTY, 82
ANGLE, 75, -124, 1329, -31, 324, 2.92

WEIGHTS, 67.55,113.49
DUTY, 82
ANGLE, 30, -139, 1383, -92, 348, 0.94

WEIGHTS, 60.51,115.25
DUTY, 82
ANGLE, 34, -107, 1367, 60, 341, 1.12

WEIGHTS, 58.42,115.85
DUTY, 82
ANGLE, 45, -109, 1359, 14, 328, 1.59

WEIGHTS, 55.18,115.30
DUTY, 82
ANGLE, 36, -116, 1363, -11, 333, 1.21

WEIGHTS, 57.25,116.98
DUTY, 87
ANGLE, 50, -119, 1359, -21, 347, 1.80

WEIGHTS, 56.46,117.23
DUTY, 88
ANGLE, 34, -114, 1364, 13, 337, 1.12

WEIGHTS, 54.47,118.06
DUTY, 89
ANGLE, 27, -127, 1352, -3, 340, 0.84

WEIGHTS, 53.34,119.35
DUTY, 90
ANGLE, 807, 130, 1837, -182, 119, 3.18

WEIGHTS, 52.63,111.24
DUTY, 91
ANGLE, -496, 27, 1011, -121, 274, 2.52

WEIGHTS, 86.05,52.34
DUTY, 82
ANGLE, -49, -152, 1793, 40, 341, -1.86

WEIGHTS, 107.49,81.31
DUTY, 84
ANGLE, -138, -10, 1491, -18, 298, -5.59

WEIGHTS, 79.97,100.13
DUTY, 82
ANGLE, -156, -290, 1407, 33, 290, -6.50

WEIGHTS, 68.54,107.48
DUTY, 89
ANGLE, 12, -200, 1485, -48, 294, 0.16

WEIGHTS, 66.47,107.44
DUTY, 92
ANGLE, 312, 39, 914, 186, 191, 3.06

WEIGHTS, 60.01,103.36
DUTY, 92
ANGLE, -168, -182, 1036, -136, 366, -9.37

WEIGHTS, 78.95,78.14
DUTY, 90
ANGLE, -5, 68, 1865, -23, 276, -0.45

WEIGHTS, 84.27,76.15
DUTY, 86
ANGLE, 205, 261, 3077, 72, 338, 3.50

WEIGHTS, 99.34,67.40
DUTY, 86
ANGLE, 458, 103, 1113, 87, 77, 4.86

WEIGHTS, 105.09,71.89
DUTY, 86
ANGLE, -117, -260, 1987, 150, 239, -3.64

WEIGHTS, 94.73,73.05
DUTY, 80
ANGLE, -149, 849, 2584, -71, 209, -3.44

WEIGHTS, 98.69,82.14
DUTY, 78
ANGLE, -196, 416, 1522, 54, 146, -7.38

WEIGHTS, 84.87,103.81
DUTY, 82
ANGLE, -593, -153, 1471, -174, 108, -0.22

WEIGHTS, 70.07,92.10
DUTY, 90
ANGLE, 1046, -58, 953, -166, 438, -0.18

WEIGHTS, 80.82,92.03
DUTY, 82
ANGLE, 12, -91, 2449, 70, 614, -0.02

WEIGHTS, 70.95,98.77
DUTY, 82
ANGLE, -547, 272, 1513, 57, 619, -0.19

WEIGHTS, 71.99,96.09
DUTY, 89
ANGLE, -180, -196, 1905, -54, 655, -5.67

WEIGHTS, 71.93,98.41
DUTY, 89
ANGLE, 640, 73, 634, -476, 466, 2.81

WEIGHTS, 64.46,104.23
DUTY, 91
ANGLE, 693, 275, 2370, 86, 433, 2.00

WEIGHTS, 63.10,107.57
DUTY, 92
ANGLE, -357, 586, 2830, 2, 534, -0.28

WEIGHTS, 65.81,95.22
DUTY, 92
ANGLE, 425, -147, 552, -197, 528, -2.04

WEIGHTS, 75.10,86.81
DUTY, 87
ANGLE, -258, -187, 626, -192, 438, -0.29

WEIGHTS, 86.48,78.66
DUTY, 85
ANGLE, 427, 261, 435, -398, 337, -0.29

WEIGHTS, 89.21,83.40
DUTY, 85
ANGLE, -66, -682, 1803, -173, 166, -2.26

WEIGHTS, 81.14,89.66
DUTY, 85
ANGLE, 13, 714, 1023, 25, 147, 0.30

WEIGHTS, 76.47,79.99
DUTY, 80
ANGLE, 335, 98, 3927, 698, 77, -0.18

WEIGHTS, 104.01,65.91
DUTY, 84
ANGLE, 250, -72, -312, 62, -26, 1.12

WEIGHTS, 97.80,77.43
DUTY, 78
ANGLE, -172, -406, 1336, -129, -103, -7.32

WEIGHTS, 100.47,66.06
DUTY, 76
ANGLE, 2717, 1035, 3888, -127, 191, -0.38

WEIGHTS, 105.07,64.74
DUTY, 75
ANGLE, 847, -708, 2790, 64, -141, -0.41

WEIGHTS, 106.09,64.24
DUTY, 79
ANGLE, -163, -144, 557, -197, 281, -16.12

WEIGHTS, 113.37,53.45
DUTY, 73
ANGLE, 2036, -468, 921, 132, 452, -1.47

WEIGHTS, 110.37,56.56
DUTY, 72
ANGLE, 132, -476, -775, -310, 756, 7.96

WEIGHTS, 114.85,45.92
DUTY, 71
ANGLE, -35, 157, 557, -150, 636, -3.76

WEIGHTS, 125.83,46.40
DUTY, 69
ANGLE, 853, -884, 2038, 213, 1377, 1.23

WEIGHTS, 122.40,43.66
DUTY, 68
ANGLE, -831, -569, 963, -182, 551, -6.09

WEIGHTS, 121.87,35.47
DUTY, 72
ANGLE, 493, 45, 1240, 7, 765, -4.51

WEIGHTS, 143.37,31.97
DUTY, 62
ANGLE, -563, -324, 2765, -52, 973, -4.90

WEIGHTS, 125.67,38.97
DUTY, 62
ANGLE, -1276, 720, 737, 237, 337, -12.34

WEIGHTS, 132.58,42.03
DUTY, 62
ANGLE, 241, -1252, 1834, -17, -472, -6.17

WEIGHTS, 123.53,70.87
DUTY, 63
ANGLE, 38, -155, 1788, 465, -64, 0.91

WEIGHTS, 80.03,92.47
DUTY, 69
ANGLE, -1825, -3088, -889, 1234, -667, -11.38

WEIGHTS, 67.56,100.40
DUTY, 66
ANGLE, -353, 662, 2954, -34, -411, -12.40

WEIGHTS, 81.70,97.37
DUTY, 66
ANGLE, 306, 85, 757, -109, 205, -40.24

WEIGHTS, 64.02,102.59
DUTY, 73
ANGLE, 509, -722, 17, -118, 531, -30.27

WEIGHTS, 66.77,87.98
DUTY, 75
ANGLE, 991, -450, 1310, 333, 653, -12.47

WEIGHTS, 89.17,53.91
DUTY, 76
ANGLE, 1855, -206, 727, 118, 660, -7.75

WEIGHTS, 127.45,48.70
DUTY, 62
ANGLE, 206, 234, 1691, 67, 413, 6.58

WEIGHTS, 110.95,58.73
DUTY, 64
ANGLE, -80, 352, 66, -198, 168, -12.89

WEIGHTS, 113.54,56.23
DUTY, 64
ANGLE, -193, -1096, -342, -306, 404, -9.84

WEIGHTS, 108.84,64.69
DUTY, 65
ANGLE, 727, 326, 1961, 62, 230, -0.98

WEIGHTS, 97.46,77.56
DUTY, 68
ANGLE, 1719, -309, 352, 38, 411, -3.20

WEIGHTS, 86.68,95.55
DUTY, 70
ANGLE, -696, -488, 742, -342, 421, -1.83

WEIGHTS, 72.90,76.24
DUTY, 72
ANGLE, -1049, -117, 1921, -309, 677, -1.01

WEIGHTS, 96.99,57.75
DUTY, 69
ANGLE, -824, 648, 2281, 196, 828, -0.87

WEIGHTS, 118.04,50.11
DUTY, 64
ANGLE, -702, 957, 1479, 86, 805, -1.07

WEIGHTS, 119.87,52.54
DUTY, 63
ANGLE, 547, 235, 1773, -84, 584, -1.06

WEIGHTS, 115.05,71.25
DUTY, 65
ANGLE, -131, -112, -140, -162, 406, -36.45

WEIGHTS, 93.65,99.51
DUTY, 69
ANGLE, 2, 682, 1546, -27, 403, -0.23

WEIGHTS, 66.11,101.60
DUTY, 66
ANGLE, 189, 823, 2415, -142, 581, 3.94

WEIGHTS, 60.54,89.39
DUTY, 73
ANGLE, 210, -179, 302, 418, 364, 30.59

WEIGHTS, 80.07,77.31
DUTY, 74
ANGLE, 73, 843, 615, -239, 317, 3.70

WEIGHTS, 101.33,65.52
DUTY, 70
ANGLE, 305, -134, 1219, -345, 224, 5.32

WEIGHTS, 102.88,66.45
DUTY, 67
ANGLE, -185, 441, -80, -58, 381, -22.73

WEIGHTS, 103.99,59.20
DUTY, 66
ANGLE, -155, -20, 2172, 113, 298, -4.38

WEIGHTS, 109.06,55.42
DUTY, 65
ANGLE, 279, -128, 1058, 134, 486, -9.44

WEIGHTS, 114.83,57.71
DUTY, 64
ANGLE, -1586, 116, 1584, 378, 323, -10.03

WEIGHTS, 107.41,63.73
DUTY, 65
ANGLE, 313, -413, -292, 433, 336, -25.79

WEIGHTS, 98.89,87.11
DUTY, 68
ANGLE, -436, -39, 2002, 73, 296, -8.71

WEIGHTS, 70.67,90.78
DUTY, 66
ANGLE, -1329, -420, 1332, 92, 128, -15.10

WEIGHTS, 84.64,83.65
DUTY, 71
ANGLE, -563, -366, 3606, 100, 317, -5.99

WEIGHTS, 85.02,76.67
DUTY, 70
ANGLE, -1110, 920, 789, 103, 185, -18.34

WEIGHTS, 96.62,52.77
DUTY, 68
ANGLE, -984, -596, 2492, 123, 288, -9.24

WEIGHTS, 122.49,52.01
DUTY, 63
ANGLE, -1035, 765, 1867, -74, 300, -11.68

WEIGHTS, 111.44,56.91
DUTY, 64
ANGLE, -468, 404, 1219, -133, 165, -16.06

WEIGHTS, 109.62,74.91
DUTY, 65
ANGLE, 352, -748, 681, -91, 412, -8.51

WEIGHTS, 89.46,90.14
DUTY, 69
ANGLE, -829, 6, 1439, -8, 377, -10.25

WEIGHTS, 80.03,78.67
DUTY, 67
ANGLE, -241, 2062, 2938, -267, 769, -2.80

WEIGHTS, 89.31,56.86
DUTY, 70
ANGLE, -27, 369, 1057, 132, 398, -1.68

WEIGHTS, 114.96,48.39
DUTY, 64
ANGLE, 584, -501, -372, -109, 379, -0.81

WEIGHTS, 119.26,56.97
DUTY, 62
ANGLE, 288, 29, 233, -177, 827, -1.67

WEIGHTS, 109.02,67.72
DUTY, 66
ANGLE, -77, 276, 2484, 99, 338, -2.06

WEIGHTS, 99.02,101.88
DUTY, 68
ANGLE, -1514, -239, 494, 229, 111, -0.55

WEIGHTS, 55.97,92.64
DUTY, 66
ANGLE, -791, 346, 2414, 218, 260, -0.79

WEIGHTS, 98.15,70.32
DUTY, 71
ANGLE, 692, -750, 1188, -38, -321, -1.15

WEIGHTS, 92.31,84.39
DUTY, 69
ANGLE, 93, 1376, 1194, 14, 139, 2.62

WEIGHTS, 94.74,53.24
DUTY, 68
ANGLE, -135, 890, -1672, -679, 21, -4.38

WEIGHTS, 124.19,45.40
DUTY, 64
ANGLE, 134, -640, 3155, 366, 128, 2.08

WEIGHTS, 122.80,54.66
DUTY, 62
ANGLE, -1148, 388, 1561, -81, -6, -6.88

WEIGHTS, 110.84,78.25
DUTY, 65
ANGLE, -165, 252, 1010, 99, 324, -9.31

WEIGHTS, 76.55,112.88
DUTY, 70
ANGLE, 377, -401, 752, 17, 305, -9.65

WEIGHTS, 48.09,99.00
DUTY, 71
ANGLE, -264, 151, 1510, 198, 353, -5.87

WEIGHTS, 85.61,55.94
DUTY, 73
ANGLE, 179, 527, 1133, 28, 290, 7.85

WEIGHTS, 119.69,51.95
DUTY, 63
ANGLE, -43, -20, 1109, -21, 380, -2.52

WEIGHTS, 116.68,49.13
DUTY, 64
ANGLE, -25, -47, 1050, 76, 237, -1.66

WEIGHTS, 119.19,42.43
DUTY, 62
ANGLE, 700, 290, 1630, 159, 103, -1.46

WEIGHTS, 130.63,42.12
DUTY, 62
ANGLE, -462, -370, 846, 151, -133, -6.00

WEIGHTS, 128.73,71.03
DUTY, 63
ANGLE, 164, -337, 1463, -27, 26, 5.93

WEIGHTS, 93.52,112.11
DUTY, 70
ANGLE, 289, -286, 1432, 24, -40, -1.22

WEIGHTS, 52.21,114.17
DUTY, 70
ANGLE, -295, -204, 1365, -222, 307, -1.28

WEIGHTS, 88.31,15.15
DUTY, 72
ANGLE, -71, -118, 1240, -383, 361, -3.56

WEIGHTS, 102.68,11.06
DUTY, 62
ANGLE, 3, -65, 1451, -101, 326, -0.18

WEIGHTS, 33.25,10.94
DUTY, 62
ANGLE, -51, -63, 1305, -40, 321, -2.54
