WEIGHTS, 121.97,12.15
DUTY, 82
ANGLE, -554, 2654, 586, 688, 185, 11.52

WEIGHTS, 92.15,50.09
DUTY, 82
ANGLE, -251, -354, 965, -246, 270, 13.72

WEIGHTS, 116.34,42.21
DUTY, 82
ANGLE, 3, -178, 1469, -358, 301, -0.12

WEIGHTS, 125.40,68.73
DUTY, 75
ANGLE, 9, -167, 1569, 130, 327, -0.33

WEIGHTS, 87.84,81.77
DUTY, 74
ANGLE, 201, -45, 1269, 80, 335, -8.99

WEIGHTS, 81.99,103.42
DUTY, 82
ANGLE, 70, -36, 1298, -23, 280, -3.09

WEIGHTS, 56.75,112.69
DUTY, 82
ANGLE, -33, -112, 1408, -34, 311, 1.34

WEIGHTS, 55.09,113.54
DUTY, 82
ANGLE, 23, -77, 1351, -5, 306, -0.97

WEIGHTS, 53.18,112.94
DUTY, 82
ANGLE, 40, -116, 1375, 73, 312, -1.66

WEIGHTS, 49.67,119.00
DUTY, 82
ANGLE, 10, -113, 1344, 12, 309, -0.42

WEIGHTS, 54.77,117.86
DUTY, 82
ANGLE, 37, -118, 1357, 5, 313, -1.56

WEIGHTS, 50.46,122.34
DUTY, 87
ANGLE, 15, -98, 1359, 25, 313, -0.63

WEIGHTS, 47.58,121.52
DUTY, 89
ANGLE, 53, -82, 1361, 23, 324, -2.23

WEIGHTS, 44.84,121.53
DUTY, 90
ANGLE, 39, -68, 1359, 42, 302, -1.64

WEIGHTS, 44.37,122.05
DUTY, 91
ANGLE, 31, -96, 1370, -14, 321, -1.29

WEIGHTS, 44.26,123.09
DUTY, 92
ANGLE, 21, -93, 1379, 20, 298, -0.87

WEIGHTS, 43.83,122.29
DUTY, 93
ANGLE, 49, -105, 1374, 28, 312, -2.04

WEIGHTS, 44.67,123.30
DUTY, 94
ANGLE, 585, -7, 1088, 60, 415, -28.27

WEIGHTS, 44.61,96.09
DUTY, 95
ANGLE, 361, -260, 2452, -28, 226, -8.33

WEIGHTS, 82.90,40.99
DUTY, 94
ANGLE, 344, -113, 1805, -199, 371, -10.77

WEIGHTS, 121.58,59.65
DUTY, 86
ANGLE, -170, -287, 1699, 97, 481, 5.63

WEIGHTS, 101.06,69.72
DUTY, 86
ANGLE, -696, 332, 1281, 137, 387, 27.74

WEIGHTS, 92.37,78.54
DUTY, 86
ANGLE, 329, -832, 167, 38, 440, -21.19

WEIGHTS, 92.39,80.18
DUTY, 86
ANGLE, 388, 506, 811, -71, 323, -22.09

WEIGHTS, 80.13,91.19
DUTY, 85
ANGLE, 244, -289, 611, -74, 423, -19.85

WEIGHTS, 71.50,95.16
DUTY, 88
ANGLE, 2, 490, 1721, 230, 419, -0.06

WEIGHTS, 71.94,101.11
DUTY, 91
ANGLE, 578, -821, 276, 125, 363, -33.72

WEIGHTS, 69.01,96.77
DUTY, 92
ANGLE, -323, -1191, 181, -38, 368, 15.01

WEIGHTS, 87.05,67.16
DUTY, 85
ANGLE, -210, -479, 1407, 55, 403, 8.04

WEIGHTS, 99.87,68.98
DUTY, 87
ANGLE, 409, -405, 2630, 208, 504, -8.74

WEIGHTS, 95.20,79.55
DUTY, 81
ANGLE, -711, 687, 1679, -100, 513, 21.40

WEIGHTS, 88.04,91.59
DUTY, 80
ANGLE, 172, 268, 3067, 236, 407, -3.20

WEIGHTS, 64.37,122.09
DUTY, 90
ANGLE, -1145, -1197, 456, 280, 161, 41.79

WEIGHTS, 39.79,132.21
DUTY, 85
ANGLE, 1089, 566, 790, 95, 247, -48.25

WEIGHTS, 37.87,132.01
DUTY, 85
ANGLE, -564, -393, 1111, 34, 172, 25.58

WEIGHTS, 36.05,139.13
DUTY, 85
ANGLE, -137, 61, 1440, 22, 135, 5.43

WEIGHTS, 34.03,125.83
DUTY, 85
ANGLE, 398, -306, 2398, 159, 105, -9.35

WEIGHTS, 44.04,130.71
DUTY, 90
ANGLE, -367, -136, 1895, 149, 110, 10.93

WEIGHTS, 42.68,130.27
DUTY, 91
ANGLE, -43, -23, 1667, 106, 110, 1.48

WEIGHTS, 41.26,124.42
DUTY, 92
ANGLE, 1048, 407, 958, -17, 227, -45.20

WEIGHTS, 44.86,107.82
DUTY, 93
ANGLE, 399, -218, 1234, 212, 575, -17.66

WEIGHTS, 65.18,79.55
DUTY, 94
ANGLE, 1108, -149, 1669, -252, 574, -33.47

WEIGHTS, 81.20,99.52
DUTY, 93
ANGLE, -336, 1002, 2234, 204, 715, 7.81

WEIGHTS, 71.03,92.09
DUTY, 91
ANGLE, -425, -448, 565, 88, 610, 30.52

WEIGHTS, 84.97,76.12
DUTY, 86
ANGLE, -822, -713, 3168, 313, 259, 14.21

WEIGHTS, 88.89,91.15
DUTY, 88
ANGLE, 835, 466, 392, 254, 262, -53.90

WEIGHTS, 76.06,98.15
DUTY, 88
ANGLE, 234, -294, 1641, 261, 159, -7.99

WEIGHTS, 76.92,91.09
DUTY, 89
ANGLE, 794, -31, 1363, 53, 280, -30.22

WEIGHTS, 79.90,99.29
DUTY, 89
ANGLE, 910, -1275, -1805, 428, 295, -22.38

WEIGHTS, 71.06,88.87
DUTY, 89
ANGLE, -166, -264, -377, 156, 200, 19.83

WEIGHTS, 83.40,94.78
DUTY, 86
ANGLE, 1439, -277, 2736, 150, 354, -27.62

WEIGHTS, 80.44,92.84
DUTY, 88
ANGLE, -1133, -410, 1174, 65, 172, 42.34

WEIGHTS, 71.81,95.43
DUTY, 89
ANGLE, -1393, 1191, 3608, -108, 196, 20.13

WEIGHTS, 71.78,98.68
DUTY, 89
ANGLE, 96, -21, 1875, 14, 206, -2.93

WEIGHTS, 69.03,95.53
DUTY, 90
ANGLE, -1260, 807, 1885, -23, 149, 31.57

WEIGHTS, 77.96,96.59
DUTY, 91
ANGLE, 157, 922, 1156, 714, 147, -6.06

WEIGHTS, 74.44,99.67
DUTY, 90
ANGLE, 2198, -768, 2573, -131, 297, -39.30

WEIGHTS, 69.59,96.46
DUTY, 90
ANGLE, 1516, -442, 1489, -24, 62, -44.31

WEIGHTS, 73.23,98.55
DUTY, 89
ANGLE, -1687, -116, 1908, -167, 232, 41.43

WEIGHTS, 73.45,102.10
DUTY, 90
ANGLE, -188, -35, -717, 16, 175, 14.68

WEIGHTS, 65.31,100.32
DUTY, 92
ANGLE, 1277, -1309, -692, -209, 634, -40.78

WEIGHTS, 75.08,74.57
DUTY, 90
ANGLE, -1799, -461, 5473, -516, 438, 18.14

WEIGHTS, 88.18,75.22
DUTY, 89
ANGLE, -2042, 543, 854, -35, 287, 63.64

WEIGHTS, 90.38,86.36
DUTY, 89
ANGLE, -1266, -292, -118, -41, 326, 76.03

WEIGHTS, 86.14,83.80
DUTY, 83
ANGLE, 874, 1033, 1905, 127, 386, -21.96

WEIGHTS, 83.72,88.65
DUTY, 82
ANGLE, -798, 339, 1264, -10, 133, 31.37

WEIGHTS, 64.72,119.67
DUTY, 89
ANGLE, -1268, 278, 2880, -135, -106, 23.66

WEIGHTS, 40.32,135.19
DUTY, 87
ANGLE, 115, 318, 22, 26, 63, -19.84

WEIGHTS, 46.23,112.88
DUTY, 87
ANGLE, -173, 530, 2656, 321, 240, 3.65

WEIGHTS, 51.00,120.01
DUTY, 87
ANGLE, 668, -135, 2231, 112, 270, -16.64

WEIGHTS, 52.57,111.83
DUTY, 87
ANGLE, 650, 159, 820, -229, 319, -37.89

WEIGHTS, 57.03,110.79
DUTY, 97
ANGLE, 243, -109, 615, 99, 330, -21.26

WEIGHTS, 55.08,110.82
DUTY, 97
ANGLE, -1198, 252, 3907, -29, 361, 17.01

WEIGHTS, 66.33,89.02
DUTY, 95
ANGLE, 710, 462, -1799, -160, 411, -20.92

WEIGHTS, 93.47,64.65
DUTY, 89
ANGLE, -116, -30, 3676, 80, 458, 1.81

WEIGHTS, 104.48,60.82
DUTY, 89
ANGLE, 705, 85, 328, 303, 726, -64.33

WEIGHTS, 110.38,52.93
DUTY, 89
ANGLE, 2039, 373, -10, 107, 374, -79.63

WEIGHTS, 109.45,41.64
DUTY, 82
ANGLE, 94, -725, 3182, -331, 334, -1.65

WEIGHTS, 141.76,27.30
DUTY, 79
ANGLE, -180, -1883, 1079, 537, -102, 4.74

WEIGHTS, 133.60,59.73
DUTY, 77
ANGLE, -106, -859, 2162, 286, -522, 2.61

WEIGHTS, 108.28,75.33
DUTY, 76
ANGLE, -270, -193, 1328, 239, -489, 11.38

WEIGHTS, 100.87,69.08
DUTY, 75
ANGLE, 31, 56, 1220, 65, -365, -1.45

WEIGHTS, 113.08,63.42
DUTY, 74
ANGLE, -95, 408, 2257, 94, 307, 2.37

WEIGHTS, 107.40,73.12
DUTY, 78
ANGLE, -344, 674, 714, -107, 543, 19.31

WEIGHTS, 90.88,70.50
DUTY, 70
ANGLE, -763, -356, 2975, 199, 355, 14.29

WEIGHTS, 99.56,69.84
DUTY, 69
ANGLE, -326, 367, 1386, 104, 616, 12.81

WEIGHTS, 98.37,69.99
DUTY, 69
ANGLE, -224, 125, 973, 2, 585, 12.86

WEIGHTS, 99.00,85.00
DUTY, 69
ANGLE, 119, 62, 1402, 14, 492, -4.85

WEIGHTS, 66.45,106.18
DUTY, 72
ANGLE, 24, -98, 1370, 29, 399, -1.00

WEIGHTS, 53.47,121.85
DUTY, 72
ANGLE, 93, -61, 1411, 10, 334, -3.77

WEIGHTS, 32.12,140.65
DUTY, 78
ANGLE, 252, -110, 1369, 45, 310, -10.40

WEIGHTS, 35.76,118.48
DUTY, 81
ANGLE, -120, -101, 1392, 54, 274, 4.91

WEIGHTS, 67.19,94.86
DUTY, 83
ANGLE, 77, -80, 1367, 68, 306, -3.22

WEIGHTS, 80.10,89.33
DUTY, 84
ANGLE, 6, -202, 1436, 46, 330, -0.24

WEIGHTS, 93.38,75.23
DUTY, 83
ANGLE, 85, -69, 1391, 244, 343, -3.49

WEIGHTS, 102.50,75.72
DUTY, 69
ANGLE, 69, -38, 1198, -44, 377, -3.29

WEIGHTS, 102.50,72.65
DUTY, 69
ANGLE, 125, -21, 1254, -5, 388, -5.69

WEIGHTS, 101.38,79.48
DUTY, 69
ANGLE, 62, -195, 1422, -44, 433, -2.47

WEIGHTS, 95.99,86.01
DUTY, 70
ANGLE, 5, -238, 1445, -40, 427, -0.20

WEIGHTS, 91.40,89.29
DUTY, 70
ANGLE, 137, -146, 1291, -12, 346, -6.02

WEIGHTS, 83.74,94.32
DUTY, 71
ANGLE, 152, -202, 1363, 49, 378, -6.30

WEIGHTS, 77.55,103.24
DUTY, 77
ANGLE, 124, -91, 1369, -11, 352, -5.16

WEIGHTS, 70.51,106.37
DUTY, 78
ANGLE, 183, -161, 1427, -164, 306, -7.26

WEIGHTS, 69.88,122.44
DUTY, 80
ANGLE, -106, -96, 1358, -131, 313, 4.45

WEIGHTS, 44.37,100.61
DUTY, 81
ANGLE, 314, -18, 1206, 62, 383, -14.59

WEIGHTS, 71.67,138.63
DUTY, 83
ANGLE, 37, -8, 1242, -170, 294, -1.71

WEIGHTS, 24.72,120.52
DUTY, 85
ANGLE, -116, -59, 1482, -275, 269, 4.47


