WEIGHTS, -9.98,9.99
DUTY, 82
ANGLE, 3, -61, 1369, 14, 304, -0.13

WEIGHTS, -9.99,9.99
DUTY, 82
ANGLE, 3, -65, 1379, 12, 306, -0.12

WEIGHTS, -10.00,9.99
DUTY, 82
ANGLE, 10, -52, 1367, 11, 310, -0.42

WEIGHTS, -9.99,9.99
DUTY, 82
ANGLE, 2, -73, 1372, 21, 302, -0.08

WEIGHTS, -9.99,9.99
DUTY, 82
ANGLE, 4, -55, 1379, 7, 311, -0.17

WEIGHTS, -9.99,9.98
DUTY, 82
ANGLE, 8, -67, 1375, 4, 310, -0.33

WEIGHTS, -10.00,9.99
DUTY, 82
ANGLE, 12, -71, 1375, 7, 317, -0.50

WEIGHTS, -10.00,9.99
DUTY, 82
ANGLE, 4, -62, 1368, 4, 307, -0.17

WEIGHTS, -10.00,9.99
DUTY, 82
ANGLE, 3, -68, 1368, 12, 316, -0.13

WEIGHTS, -10.00,9.99
DUTY, 82
ANGLE, 4, -70, 1379, 3, 313, -0.17

WEIGHTS, -9.99,9.99
DUTY, 82
ANGLE, 4, -60, 1368, 4, 314, -0.17

WEIGHTS, -9.99,9.99
DUTY, 82
ANGLE, 10, -69, 1374, 8, 311, -0.42

WEIGHTS, -10.03,9.99
DUTY, 82
ANGLE, 295, 493, 1784, 246, 288, -9.06

WEIGHTS, 0.82,10.29
DUTY, 82
ANGLE, -27, -95, 1252, 251, 318, 1.23

WEIGHTS, 30.38,11.28
DUTY, 82
ANGLE, -12, -130, 1414, -154, 320, 0.48

WEIGHTS, 134.26,14.25
DUTY, 82
ANGLE, -53, -49, 1398, 133, 287, 2.17

WEIGHTS, 100.15,25.50
DUTY, 82
ANGLE, 365, 193, 1166, -428, 363, -17.16

WEIGHTS, 87.61,98.64
DUTY, 76
ANGLE, -577, -121, 1438, 303, 243, 21.79

WEIGHTS, 120.27,33.87
DUTY, 82
ANGLE, 689, 34, 1338, 175, 258, -27.24

WEIGHTS, 99.20,97.11
DUTY, 74
ANGLE, -578, -293, 1632, 42, 280, 19.22

WEIGHTS, 122.71,29.14
DUTY, 82
ANGLE, 571, -141, 1185, -31, 302, -25.57

WEIGHTS, 88.90,91.26
DUTY, 72
ANGLE, -172, -166, 1451, -181, 276, 6.72

WEIGHTS, 92.72,71.26
DUTY, 74
ANGLE, 91, -82, 1477, 29, 296, -3.52

WEIGHTS, 90.78,81.61
DUTY, 73
ANGLE, -36, -64, 1421, -39, 332, 1.45

WEIGHTS, 84.01,83.06
DUTY, 82
ANGLE, 53, -15, 1393, -3, 316, -2.18

WEIGHTS, 80.79,90.64
DUTY, 82
ANGLE, 8, -28, 1383, 37, 316, -0.33

WEIGHTS, 70.32,96.72
DUTY, 74
ANGLE, 6, -1, 1491, 1, 331, -0.23

WEIGHTS, 69.31,100.61
DUTY, 76
ANGLE, 121, 0, 1384, 97, 313, -5.00

WEIGHTS, 56.38,112.58
DUTY, 82
ANGLE, 24, -50, 1385, -37, 309, -0.99

WEIGHTS, 52.50,120.67
DUTY, 82
ANGLE, -115, -61, 1322, -2, 324, 4.97

WEIGHTS, 44.90,125.17
DUTY, 82
ANGLE, 41, -12, 1366, -9, 297, -1.72

WEIGHTS, 39.35,126.45
DUTY, 82
ANGLE, 50, -52, 1379, 43, 284, -2.08

WEIGHTS, 37.78,129.62
DUTY, 87
ANGLE, 19, -68, 1358, -54, 320, -0.80

WEIGHTS, 38.08,131.66
DUTY, 89
ANGLE, 5, -59, 1364, 40, 313, -0.21

WEIGHTS, 34.36,129.45
DUTY, 90
ANGLE, 82, -74, 1363, 47, 308, -3.44

WEIGHTS, 37.17,132.61
DUTY, 91
ANGLE, -153, 24, 1643, -80, 352, 5.32

WEIGHTS, 37.04,128.62
DUTY, 92
ANGLE, -312, 126, 893, 15, 207, 19.08

WEIGHTS, 60.86,71.32
DUTY, 93
ANGLE, 1473, -268, 1427, -13, 417, -45.41

WEIGHTS, 91.18,88.87
DUTY, 91
ANGLE, 76, -340, 811, 215, 404, -4.94

WEIGHTS, 77.72,87.55
DUTY, 86
ANGLE, 738, -343, 556, -153, 220, -48.48

WEIGHTS, 89.16,81.38
DUTY, 86
ANGLE, -1204, 214, 606, -112, 455, 61.91

WEIGHTS, 91.23,83.46
DUTY, 86
ANGLE, 163, -470, 612, 57, 370, -11.93

WEIGHTS, 78.79,93.10
DUTY, 86
ANGLE, -215, -414, 427, 21, 267, 19.87

WEIGHTS, 74.61,98.39
DUTY, 89
ANGLE, 1115, 245, 808, -77, 264, -52.87

WEIGHTS, 74.22,98.41
DUTY, 91
ANGLE, 233, -393, 1923, 29, 273, -6.77

WEIGHTS, 65.81,103.47
DUTY, 91
ANGLE, -1188, -229, 2078, -218, 141, 29.61

WEIGHTS, 70.26,90.72
DUTY, 92
ANGLE, 642, -432, 544, 105, 418, -42.74

WEIGHTS, 89.83,83.06
DUTY, 86
ANGLE, 40, 631, 2904, 302, 231, -0.77

WEIGHTS, 76.67,94.37
DUTY, 85
ANGLE, -1069, -957, 414, 0, 336, 45.71

WEIGHTS, 80.35,103.23
DUTY, 88
ANGLE, -55, 180, 2262, 19, 433, 1.39

WEIGHTS, 76.70,97.51
DUTY, 90
ANGLE, 1265, -962, 2263, 22, 387, -27.22

WEIGHTS, 72.42,101.60
DUTY, 93
ANGLE, -243, 170, 1636, -513, 661, 8.40

WEIGHTS, 68.20,95.13
DUTY, 92
ANGLE, -30, -770, 3407, 238, 405, 0.49

WEIGHTS, 81.74,74.78
DUTY, 87
ANGLE, -142, -832, 2508, -63, 476, 3.08

WEIGHTS, 95.53,80.44
DUTY, 88
ANGLE, -5, -167, -508, -319, 226, 0.54

WEIGHTS, 81.26,93.85
DUTY, 85
ANGLE, 2955, -1428, 681, 132, 2, -61.84

WEIGHTS, 74.90,100.67
DUTY, 89
ANGLE, -424, -648, 3023, -79, 347, 7.81

WEIGHTS, 70.81,93.40
DUTY, 90
ANGLE, 338, -434, -1469, 168, 238, -12.44

WEIGHTS, 76.85,96.65
DUTY, 88
ANGLE, -27, -258, 282, 240, 304, 4.04

WEIGHTS, 71.84,101.03
DUTY, 89
ANGLE, 605, -364, -793, 179, -62, -34.74

WEIGHTS, 74.59,100.38
DUTY, 91
ANGLE, -1566, -10, 2536, 135, -53, 31.70

WEIGHTS, 72.20,96.05
DUTY, 90
ANGLE, 918, -86, 2884, 190, -172, -17.65

WEIGHTS, 82.44,97.93
DUTY, 88
ANGLE, 41, -1111, 295, -144, 251, -2.04

WEIGHTS, 75.97,96.06
DUTY, 88
ANGLE, -622, -1315, 1601, -97, 110, 16.71

WEIGHTS, 69.63,96.48
DUTY, 90
ANGLE, 3255, -1926, 4171, 418, 296, -35.32

WEIGHTS, 73.94,95.99
DUTY, 88
ANGLE, -1490, -317, 2478, 55, 74, 30.81

WEIGHTS, 73.39,101.75
DUTY, 90
ANGLE, 507, 763, 2877, 200, 201, -9.67

WEIGHTS, 71.87,102.15
DUTY, 91
ANGLE, 452, -1532, 2727, -180, 264, -8.22

WEIGHTS, 69.69,98.20
DUTY, 92
ANGLE, -983, -380, 5161, 447, 481, 10.76

WEIGHTS, 77.81,77.48
DUTY, 89
ANGLE, 1115, -126, -112, 314, 356, -81.40

WEIGHTS, 84.95,83.95
DUTY, 89
ANGLE, -202, 1371, 572, -299, 294, 7.74

WEIGHTS, 90.92,83.20
DUTY, 85
ANGLE, 179, -541, 980, 476, 476, -9.08

WEIGHTS, 85.93,86.44
DUTY, 83
ANGLE, -61, 394, 2094, -296, 480, 1.64

WEIGHTS, 82.29,88.37
DUTY, 86
ANGLE, 1442, 1096, -1265, -62, 338, -40.75

WEIGHTS, 71.90,105.55
DUTY, 88
ANGLE, 1070, -1026, -105, -22, 406, -46.05

WEIGHTS, 58.05,114.04
DUTY, 95
ANGLE, 1753, -93, -2596, -425, 780, -34.01

WEIGHTS, 55.64,107.59
DUTY, 96
ANGLE, 377, -460, -169, -489, 891, -37.57

WEIGHTS, 65.53,95.22
DUTY, 95
ANGLE, -174, 1624, -323, 356, 985, 6.00

WEIGHTS, 83.13,73.72
DUTY, 86
ANGLE, 1134, 346, 1830, 99, 458, -31.34

WEIGHTS, 100.33,66.52
DUTY, 89
ANGLE, 155, 601, 2139, 536, -289, -3.99

WEIGHTS, 94.83,93.30
DUTY, 83
ANGLE, -838, 1185, 3700, 344, -495, 12.17

WEIGHTS, 81.13,101.37
DUTY, 83
ANGLE, 221, -951, 2918, 157, -182, -4.12

WEIGHTS, 78.32,99.20
DUTY, 90
ANGLE, 81, -1523, 1045, -149, -131, -2.51

WEIGHTS, 71.52,86.86
DUTY, 90
ANGLE, -574, -1224, 3043, 183, 95, 9.93

WEIGHTS, 87.37,73.90
DUTY, 88
ANGLE, -781, -74, 3430, -8, 537, 12.82

WEIGHTS, 104.87,67.01
DUTY, 82
ANGLE, 335, -90, 1074, 130, 441, -17.27

WEIGHTS, 97.01,69.76
DUTY, 80
ANGLE, 192, 106, 3691, -75, 319, -2.98

WEIGHTS, 97.46,76.32
DUTY, 78
ANGLE, -160, 335, -766, 278, 270, 10.83

WEIGHTS, 93.55,67.80
DUTY, 82
ANGLE, -688, -109, 1275, 218, 126, 28.26

WEIGHTS, 98.43,74.88
DUTY, 77
ANGLE, -269, -411, 1529, -227, 56, 9.64

WEIGHTS, 92.00,70.11
DUTY, 76
ANGLE, -133, -131, -776, -125, 210, 9.59

WEIGHTS, 99.62,66.12
DUTY, 80
ANGLE, -228, -549, 1089, -8, 340, 10.59

WEIGHTS, 103.56,66.24
DUTY, 79
ANGLE, 1453, -963, -2889, 385, 147, -25.51

WEIGHTS, 102.21,60.01
DUTY, 78
ANGLE, 76, -257, 1125, 81, 172, -3.77

WEIGHTS, 108.91,55.01
DUTY, 72
ANGLE, 372, -151, 339, -55, 318, -45.07

WEIGHTS, 115.11,55.51
DUTY, 71
ANGLE, -112, -72, 1767, 1, 392, 3.62

WEIGHTS, 112.80,56.74
DUTY, 66
ANGLE, -66, -373, 1646, -84, 348, 2.24

WEIGHTS, 113.29,54.05
DUTY, 66
ANGLE, -250, -897, 1987, 66, 277, 6.54

WEIGHTS, 114.70,52.93
DUTY, 65
ANGLE, 166, -96, 1265, -24, 303, -7.45

WEIGHTS, 116.63,54.13
DUTY, 65
ANGLE, -274, -91, 1397, 59, 263, 11.07

WEIGHTS, 112.14,53.62
DUTY, 66
ANGLE, 180, -155, 1419, 16, 294, -7.19

WEIGHTS, 116.00,54.21
DUTY, 65
ANGLE, 57, -97, 1344, 21, 280, -2.42

WEIGHTS, 113.34,55.64
DUTY, 66
ANGLE, -14, -144, 1391, 88, 310, 0.57

WEIGHTS, 112.74,54.48
DUTY, 66
ANGLE, 56, -172, 1394, -58, 390, -2.28

WEIGHTS, 118.11,66.03
DUTY, 66
ANGLE, 94, -130, 1506, 116, 319, -3.56
