WEIGHTS, -10.76,9.33
DUTY, 82
ANGLE, -22, -39, 1326, 32, 309, 0.95

WEIGHTS, -10.54,9.29
DUTY, 82
ANGLE, 11, -47, 1384, 18, 318, -0.46

WEIGHTS, -10.50,9.28
DUTY, 82
ANGLE, 5, -47, 1360, 9, 307, -0.21

WEIGHTS, -10.46,9.29
DUTY, 82
ANGLE, 6, -51, 1367, 28, 303, -0.25

WEIGHTS, -10.48,9.28
DUTY, 82
ANGLE, -5, -52, 1384, 18, 312, 0.21

WEIGHTS, -10.48,9.32
DUTY, 82
ANGLE, 5, -45, 1376, 0, 314, -0.21

WEIGHTS, -10.48,9.32
DUTY, 82
ANGLE, 3, -51, 1381, -1, 315, -0.12

WEIGHTS, -10.47,9.31
DUTY, 82
ANGLE, 5, -53, 1378, -1, 311, -0.21

WEIGHTS, -10.46,9.29
DUTY, 82
ANGLE, 4, -41, 1364, 8, 300, -0.17

WEIGHTS, -10.46,9.29
DUTY, 82
ANGLE, 5, -38, 1371, 8, 318, -0.21

WEIGHTS, -10.47,9.28
DUTY, 82
ANGLE, 6, -51, 1378, 14, 300, -0.25

WEIGHTS, -10.45,9.30
DUTY, 82
ANGLE, 6, -24, 1368, 1, 295, -0.25

WEIGHTS, -10.48,9.31
DUTY, 82
ANGLE, 10, -45, 1345, 12, 299, -0.43

WEIGHTS, -10.48,9.33
DUTY, 82
ANGLE, 78, -270, 1385, 33, 142, -3.16

WEIGHTS, -10.49,9.35
DUTY, 82
ANGLE, 4, -59, 1389, 8, 309, -0.16

WEIGHTS, -10.48,9.29
DUTY, 82
ANGLE, 13, -50, 1370, 1, 308, -0.54

WEIGHTS, -10.46,9.29
DUTY, 82
ANGLE, 10, -46, 1372, 19, 307, -0.42

WEIGHTS, -10.45,9.29
DUTY, 82
ANGLE, 5, -50, 1372, 9, 310, -0.21

WEIGHTS, -10.45,9.29
DUTY, 82
ANGLE, 9, -47, 1376, 12, 308, -0.37

WEIGHTS, -10.46,9.29
DUTY, 82
ANGLE, 3, -59, 1364, 17, 290, -0.13

WEIGHTS, -10.45,9.29
DUTY, 82
ANGLE, 4, -55, 1376, 18, 307, -0.17

WEIGHTS, -10.44,9.30
DUTY, 82
ANGLE, 8, -50, 1373, 7, 307, -0.33

WEIGHTS, -10.45,9.29
DUTY, 82
ANGLE, 11, -50, 1365, 13, 298, -0.46

WEIGHTS, -10.45,9.29
DUTY, 82
ANGLE, 2, -50, 1367, 6, 313, -0.08

WEIGHTS, -10.45,9.30
DUTY, 82
ANGLE, 8, -41, 1371, 14, 310, -0.33

WEIGHTS, -10.45,9.30
DUTY, 82
ANGLE, 3, -45, 1374, 20, 311, -0.13

WEIGHTS, -10.45,9.30
DUTY, 82
ANGLE, 4, -48, 1372, 4, 320, -0.17

WEIGHTS, -10.44,9.29
DUTY, 82
ANGLE, 5, -62, 1366, 12, 308, -0.21

WEIGHTS, -10.43,9.30
DUTY, 82
ANGLE, 3, -53, 1378, 18, 316, -0.12

WEIGHTS, -10.46,9.30
DUTY, 82
ANGLE, 5, -49, 1370, 15, 314, -0.21

WEIGHTS, -10.48,9.30
DUTY, 82
ANGLE, 7, 51, 1212, 130, 315, -0.33

WEIGHTS, -10.40,9.50
DUTY, 82
ANGLE, 24, 77, 1408, 33, 306, -0.98

WEIGHTS, -6.14,9.53
DUTY, 82
ANGLE, 49, -45, 1372, 133, 324, -2.04

WEIGHTS, -7.72,9.81
DUTY, 82
ANGLE, -105, -125, 1790, 364, 297, 3.35

WEIGHTS, 15.02,13.29
DUTY, 75
ANGLE, -40, -129, 1353, 8, 337, 1.69

WEIGHTS, 113.35,12.54
DUTY, 74
ANGLE, 249, -669, 1442, 167, 248, -8.90

WEIGHTS, 131.16,61.50
DUTY, 72
ANGLE, -80, 21, 1092, 198, 284, 4.19

WEIGHTS, 116.61,41.77
DUTY, 71
ANGLE, 163, -2, 1244, -142, 311, -7.46

WEIGHTS, 121.47,56.82
DUTY, 70
ANGLE, 79, -107, 1559, -256, 318, -2.89

WEIGHTS, 91.84,88.61
DUTY, 70
ANGLE, 77, -73, 1370, 51, 311, -3.21

WEIGHTS, 70.04,104.15
DUTY, 82
ANGLE, -6, -91, 1372, 72, 285, 0.25

WEIGHTS, 66.10,101.28
DUTY, 72
ANGLE, 36, -132, 1374, 15, 306, -1.49

WEIGHTS, 70.10,106.68
DUTY, 75
ANGLE, 84, -153, 1337, 33, 305, -3.57

WEIGHTS, 62.14,114.97
DUTY, 82
ANGLE, 52, -118, 1359, 34, 284, -2.18

WEIGHTS, 55.46,120.04
DUTY, 82
ANGLE, 74, -177, 1383, -38, 322, -3.04

WEIGHTS, 52.38,126.98
DUTY, 82
ANGLE, 11, -152, 1382, 27, 323, -0.45

WEIGHTS, 45.65,125.41
DUTY, 82
ANGLE, 34, -127, 1332, 0, 290, -1.46

WEIGHTS, 46.00,121.06
DUTY, 82
ANGLE, 49, -140, 1366, -43, 319, -2.04

WEIGHTS, 45.24,124.10
DUTY, 88
ANGLE, 7, -105, 1391, -19, 321, -0.29

WEIGHTS, 45.52,121.59
DUTY, 89
ANGLE, 59, -93, 1356, 10, 319, -2.49

WEIGHTS, 44.78,120.44
DUTY, 91
ANGLE, 10, -125, 1363, -5, 302, -0.42

WEIGHTS, 44.35,122.89
DUTY, 92
ANGLE, 37, -146, 1376, 60, 298, -1.53

WEIGHTS, 44.64,126.29
DUTY, 93
ANGLE, 13, -131, 1362, -4, 306, -0.54

WEIGHTS, 42.52,129.27
DUTY, 94
ANGLE, 278, -394, 1267, -26, 215, -11.83

WEIGHTS, 39.52,110.93
DUTY, 94
ANGLE, -282, -386, 1319, -84, 262, 11.60

WEIGHTS, 75.37,54.14
DUTY, 95
ANGLE, 539, -14, 352, -138, 289, -56.83

WEIGHTS, 110.22,52.88
DUTY, 86
ANGLE, 841, -82, 317, -76, 424, -68.73

WEIGHTS, 117.39,62.29
DUTY, 86
ANGLE, 186, -64, 665, 25, 230, -15.56

WEIGHTS, 95.53,77.48
DUTY, 86
ANGLE, -72, -334, 1965, -10, 292, 2.07

WEIGHTS, 90.04,82.46
DUTY, 86
ANGLE, 44, -494, 1651, 24, 122, -1.46

WEIGHTS, 88.39,86.35
DUTY, 86
ANGLE, 178, -154, 414, 74, 225, -21.95

WEIGHTS, 80.10,89.34
DUTY, 80
ANGLE, 186, -546, 1936, 77, 326, -5.28

WEIGHTS, 72.07,111.04
DUTY, 89
ANGLE, 194, 340, 283, -17, 345, -23.68

WEIGHTS, 43.65,120.43
DUTY, 85
ANGLE, -1081, -904, 3084, 220, 70, 18.59

WEIGHTS, 53.09,110.10
DUTY, 85
ANGLE, 0, -718, 1004, -127, 320, 0.00

WEIGHTS, 61.45,114.97
DUTY, 85
ANGLE, -999, 317, 1955, -8, 251, 26.77

WEIGHTS, 44.15,119.06
DUTY, 85
ANGLE, 475, -316, -775, 122, 314, -29.58

WEIGHTS, 49.03,113.16
DUTY, 85
ANGLE, 532, -49, 988, 51, 286, -28.27

WEIGHTS, 53.70,117.05
DUTY, 90
ANGLE, 187, 346, 1965, 9, 322, -5.35

WEIGHTS, 48.01,117.80
DUTY, 91
ANGLE, -205, 221, 1938, -94, 603, 6.00

WEIGHTS, 49.14,117.53
DUTY, 92
ANGLE, -2, 351, 1460, 155, 718, 0.08

WEIGHTS, 54.73,85.28
DUTY, 93
ANGLE, -519, -795, 762, -125, 917, 25.23

WEIGHTS, 82.89,74.44
DUTY, 93
ANGLE, -714, 676, 1129, -120, 816, 28.48

WEIGHTS, 93.37,73.98
DUTY, 87
ANGLE, -106, -358, 434, 156, 579, 10.67

WEIGHTS, 92.73,72.64
DUTY, 87
ANGLE, 48, 559, 1552, -110, -135, -1.67

WEIGHTS, 96.71,58.03
DUTY, 87
ANGLE, -383, -50, -262, 67, 302, 55.15

WEIGHTS, 114.50,40.95
DUTY, 87
ANGLE, -74, 221, 1365, -339, -4, 3.06

WEIGHTS, 126.75,45.41
DUTY, 80
ANGLE, -418, -352, 6218, 1220, -351, 3.84

WEIGHTS, 128.35,51.90
DUTY, 78
ANGLE, -355, -390, 3372, 361, -377, 5.97

WEIGHTS, 116.44,68.35
DUTY, 76
ANGLE, -106, 673, 2191, 48, -250, 2.65

WEIGHTS, 94.85,48.52
DUTY, 75
ANGLE, -1003, -798, 4125, -325, 12, 13.43

WEIGHTS, 121.85,60.56
DUTY, 73
ANGLE, 134, 483, 1453, 169, 311, -5.00

WEIGHTS, 96.28,52.99
DUTY, 72
ANGLE, 381, 1100, 506, -11, -182, -17.47

WEIGHTS, 130.81,41.25
DUTY, 71
ANGLE, 1959, -170, -2189, 90, -73, -41.74

WEIGHTS, 122.18,56.44
DUTY, 70
ANGLE, -1336, -1958, 6667, 51, -322, 10.88

WEIGHTS, 110.95,55.76
DUTY, 70
ANGLE, -920, -483, 1024, -78, 213, 39.10

WEIGHTS, 119.29,48.62
DUTY, 65
ANGLE, 1344, -775, -1841, 925, 410, -33.93

WEIGHTS, 119.32,53.64
DUTY, 64
ANGLE, 103, -525, -3026, -466, 1032, -1.92

WEIGHTS, 109.25,59.09
DUTY, 65
ANGLE, -3225, 166, -4744, -1007, 558, 34.19

WEIGHTS, 104.40,55.90
DUTY, 68
ANGLE, -1016, 435, -1824, 263, 191, 28.45

WEIGHTS, 116.71,66.71
DUTY, 65
ANGLE, -1324, -1497, 1298, 65, -255, 33.75

WEIGHTS, 88.49,84.77
DUTY, 70
ANGLE, 1172, 212, 3228, 131, -226, -19.92

WEIGHTS, 86.92,89.53
DUTY, 71
ANGLE, -2200, -609, 6154, 371, 252, 19.58

WEIGHTS, 75.18,70.97
DUTY, 68
ANGLE, -750, -705, 148, -199, 572, 46.15

WEIGHTS, 103.16,75.41
DUTY, 70
ANGLE, -101, 114, 1553, 22, 1890, 3.71

WEIGHTS, 95.96,83.09
DUTY, 70
ANGLE, -191, -280, 1686, 121, 1685, 6.38

WEIGHTS, 87.31,49.42
DUTY, 70
ANGLE, 919, 806, 1875, 45, 1306, -24.24

WEIGHTS, 133.84,35.07
DUTY, 63
ANGLE, -738, 470, 1709, 124, 214, 22.61

WEIGHTS, 128.55,44.64
DUTY, 62
ANGLE, -2034, -352, 778, 28, -91, 67.23

WEIGHTS, 119.02,80.30
DUTY, 65
ANGLE, -745, -699, 611, -383, -688, 38.75

WEIGHTS, 85.22,114.06
DUTY, 71
ANGLE, 546, -322, 499, 297, -574, -42.60

WEIGHTS, 43.75,88.65
DUTY, 67
ANGLE, 94, -658, 658, -185, -247, -5.77

WEIGHTS, 91.60,79.29
DUTY, 74
ANGLE, -102, -1805, -684, -486, 395, 3.02

WEIGHTS, 78.44,80.25
DUTY, 71
ANGLE, 2159, 512, 1265, -65, 400, -57.70

WEIGHTS, 104.16,52.96
DUTY, 70
ANGLE, -1862, 131, 987, 100, 626, 61.87

WEIGHTS, 112.47,52.36
DUTY, 64
ANGLE, -878, 423, 2707, 11, 550, 17.77

WEIGHTS, 112.04,47.83
DUTY, 65
ANGLE, -1047, -374, 2904, 456, 437, 19.68

WEIGHTS, 123.27,50.85
DUTY, 63
ANGLE, -1390, 1651, 2045, 285, 83, 27.87

WEIGHTS, 100.90,75.05
DUTY, 66
ANGLE, 1121, 284, -381, -169, -178, -67.03

WEIGHTS, 85.13,97.11
DUTY, 71
ANGLE, -788, 44, 1047, 52, -128, 36.94

WEIGHTS, 67.17,81.56
DUTY, 72
ANGLE, -140, -218, 2164, -10, 60, 3.68

WEIGHTS, 96.34,57.99
DUTY, 70
ANGLE, -522, 710, 1632, 56, 766, 16.35

WEIGHTS, 111.98,53.74
DUTY, 66
ANGLE, 537, -1169, 1272, 111, 778, -17.27

WEIGHTS, 110.37,46.16
DUTY, 66
ANGLE, 721, -1525, 197, 330, 329, -25.12

WEIGHTS, 125.18,43.58
DUTY, 62
ANGLE, 213, -502, 3077, 242, 330, -3.91

WEIGHTS, 116.43,62.60
DUTY, 64
ANGLE, 143, -248, 615, 145, 269, -12.17

WEIGHTS, 98.82,89.50
DUTY, 69
ANGLE, -294, 71, 1888, -77, 243, 8.84

WEIGHTS, 68.79,100.64
DUTY, 66
ANGLE, -76, 50, 1248, -35, 157, 3.48

WEIGHTS, 66.06,70.48
DUTY, 73
ANGLE, -148, -424, 682, 191, 236, 10.44

WEIGHTS, 100.91,62.32
DUTY, 73
ANGLE, -48, 679, 1379, 32, 298, 1.79

WEIGHTS, 107.29,44.48
DUTY, 67
ANGLE, 64, -490, 2788, 50, 385, -1.30

WEIGHTS, 123.46,39.05
DUTY, 62
ANGLE, -1198, -289, 2219, 139, 395, 28.16

WEIGHTS, 127.27,40.96
DUTY, 62
ANGLE, -288, -171, 1421, -122, 300, 11.38

WEIGHTS, 135.66,12.77
DUTY, 62
ANGLE, 966, -10, 1865, -167, 173, -27.38


