WEIGHTS, -10.00,10.00
DUTY, 82
ANGLE, -49, -49, 1332, 11, 292, 2.11

WEIGHTS, -10.00,10.01
DUTY, 82
ANGLE, -32, -49, 1334, 12, 303, 1.37

WEIGHTS, -9.99,10.01
DUTY, 82
ANGLE, -43, -37, 1338, 9, 302, 1.84

WEIGHTS, -9.99,10.01
DUTY, 82
ANGLE, -35, -37, 1351, 20, 298, 1.48

WEIGHTS, -9.99,10.01
DUTY, 82
ANGLE, -51, -47, 1339, 0, 318, 2.18

WEIGHTS, -9.99,10.01
DUTY, 82
ANGLE, -46, -45, 1353, 17, 307, 1.95

WEIGHTS, -9.98,10.00
DUTY, 82
ANGLE, -47, -46, 1353, 4, 312, 1.99

WEIGHTS, -9.98,10.00
DUTY, 82
ANGLE, -36, -49, 1364, 13, 292, 1.51

WEIGHTS, -9.98,10.00
DUTY, 82
ANGLE, -40, -44, 1363, 9, 302, 1.68

WEIGHTS, -9.98,10.01
DUTY, 82
ANGLE, -32, -41, 1358, 14, 312, 1.35

WEIGHTS, -9.99,10.01
DUTY, 82
ANGLE, -56, -39, 1355, 12, 317, 2.37

WEIGHTS, -9.98,10.01
DUTY, 82
ANGLE, -43, -40, 1365, 9, 307, 1.80

WEIGHTS, -9.99,10.00
DUTY, 82
ANGLE, -44, -54, 1368, 9, 308, 1.84

WEIGHTS, -9.99,10.01
DUTY, 82
ANGLE, -46, -59, 1366, 4, 305, 1.93

WEIGHTS, -9.98,10.01
DUTY, 82
ANGLE, -33, -46, 1368, -3, 303, 1.38

WEIGHTS, -9.99,10.01
DUTY, 82
ANGLE, -37, -45, 1362, 4, 303, 1.56

WEIGHTS, -9.99,10.01
DUTY, 82
ANGLE, -41, -47, 1347, 7, 302, 1.74

WEIGHTS, -9.99,10.01
DUTY, 82
ANGLE, -56, -46, 1357, 19, 310, 2.36

WEIGHTS, -10.00,10.00
DUTY, 82
ANGLE, -45, -43, 1370, 14, 311, 1.88

WEIGHTS, -10.01,10.01
DUTY, 82
ANGLE, -29, -50, 1368, 9, 298, 1.21

WEIGHTS, -9.99,10.01
DUTY, 82
ANGLE, -50, -41, 1370, -3, 316, 2.09

WEIGHTS, -9.99,10.00
DUTY, 82
ANGLE, -39, -40, 1370, 10, 312, 1.63

WEIGHTS, -9.99,9.99
DUTY, 82
ANGLE, -32, -41, 1374, 9, 308, 1.33

WEIGHTS, -9.99,9.99
DUTY, 82
ANGLE, -39, -41, 1370, 16, 306, 1.63

WEIGHTS, -10.00,9.99
DUTY, 82
ANGLE, -39, -28, 1366, 19, 310, 1.64

WEIGHTS, -9.99,9.99
DUTY, 82
ANGLE, -32, -50, 1374, 12, 297, 1.33

WEIGHTS, -9.99,9.99
DUTY, 82
ANGLE, -47, -39, 1368, 11, 312, 1.97

WEIGHTS, -9.99,9.99
DUTY, 82
ANGLE, -42, -43, 1360, 20, 293, 1.77

WEIGHTS, -9.99,9.99
DUTY, 82
ANGLE, -43, -41, 1369, 6, 306, 1.80

WEIGHTS, -10.00,9.99
DUTY, 82
ANGLE, -42, -44, 1372, 5, 299, 1.75

WEIGHTS, -9.99,9.99
DUTY, 82
ANGLE, -40, -53, 1381, 15, 300, 1.66

WEIGHTS, -9.99,9.99
DUTY, 82
ANGLE, -46, -46, 1384, -7, 306, 1.90

WEIGHTS, -9.99,10.00
DUTY, 82
ANGLE, -46, -49, 1388, 18, 299, 1.90

WEIGHTS, -10.00,9.99
DUTY, 82
ANGLE, -41, -42, 1367, 12, 311, 1.72

WEIGHTS, -10.00,9.99
DUTY, 82
ANGLE, -35, -43, 1371, 12, 313, 1.46

WEIGHTS, -9.99,9.99
DUTY, 82
ANGLE, -40, -37, 1375, 6, 312, 1.67

WEIGHTS, -9.99,10.00
DUTY, 82
ANGLE, -38, -38, 1380, 6, 310, 1.58

WEIGHTS, -9.98,10.00
DUTY, 82
ANGLE, -46, -47, 1377, 12, 298, 1.91

WEIGHTS, -9.99,9.99
DUTY, 82
ANGLE, -37, -49, 1368, 18, 307, 1.55

WEIGHTS, -9.99,10.00
DUTY, 82
ANGLE, -38, -46, 1366, 15, 313, 1.59

WEIGHTS, -9.98,9.99
DUTY, 82
ANGLE, -32, -45, 1378, 3, 289, 1.33

WEIGHTS, -10.00,9.99
DUTY, 82
ANGLE, -34, -46, 1373, 0, 304, 1.42

WEIGHTS, -9.97,9.99
DUTY, 82
ANGLE, -24, -42, 1376, 18, 301, 1.00

WEIGHTS, -10.01,9.99
DUTY, 82
ANGLE, -52, -32, 1254, -104, 288, 2.37

WEIGHTS, -9.43,10.22
DUTY, 82
ANGLE, 1, -55, 1439, 44, 305, -0.04

WEIGHTS, -4.33,10.33
DUTY, 82
ANGLE, -37, -121, 1410, 402, 318, 1.50

WEIGHTS, 12.57,12.27
DUTY, 82
ANGLE, 20, -35, 1360, 43, 294, -0.84

WEIGHTS, 95.47,12.67
DUTY, 82
ANGLE, 161, -504, 1013, 95, 46, -8.10

WEIGHTS, 106.79,66.45
DUTY, 82
ANGLE, -344, -191, 1195, -96, 289, 15.87

WEIGHTS, 135.51,39.03
DUTY, 82
ANGLE, 620, 38, 1939, -332, 244, -17.73

WEIGHTS, 132.77,80.21
DUTY, 76
ANGLE, -360, -57, 1399, 257, 241, 14.42

WEIGHTS, 84.94,56.21
DUTY, 82
ANGLE, 152, -83, 1205, -176, 368, -7.17

WEIGHTS, 113.40,66.50
DUTY, 74
ANGLE, -171, 94, 1330, 294, 227, 7.31

WEIGHTS, 94.54,67.07
DUTY, 73
ANGLE, 45, -334, 1362, 49, 156, -1.84

WEIGHTS, 101.83,71.92
DUTY, 73
ANGLE, 105, -132, 1301, 125, 287, -4.59

WEIGHTS, 98.42,77.60
DUTY, 72
ANGLE, 72, -304, 1299, -85, 182, -3.09

WEIGHTS, 91.92,86.87
DUTY, 82
ANGLE, -132, -80, 1028, 108, 209, 7.30

WEIGHTS, 89.02,83.41
DUTY, 82
ANGLE, 95, -77, 1498, -142, 221, -3.62

WEIGHTS, 90.36,87.06
DUTY, 82
ANGLE, 116, -257, 1458, -66, 213, -4.48

WEIGHTS, 75.95,97.21
DUTY, 82
ANGLE, -73, -347, 1411, 18, 303, 2.88

WEIGHTS, 67.81,98.22
DUTY, 74
ANGLE, -19, -174, 1252, 26, 216, 0.86

WEIGHTS, 71.85,103.05
DUTY, 76
ANGLE, -239, -210, 1185, -85, 222, 11.23

WEIGHTS, 61.92,109.62
DUTY, 82
ANGLE, 85, 210, 1302, -98, 280, -3.69

WEIGHTS, 52.51,113.70
DUTY, 82
ANGLE, 24, -184, 1884, 39, 320, -0.73

WEIGHTS, 49.00,112.91
DUTY, 82
ANGLE, -62, 66, 1415, 48, 218, 2.51

WEIGHTS, 51.12,109.88
DUTY, 82
ANGLE, 489, 291, 1048, 78, 153, -24.21

WEIGHTS, 48.80,123.91
DUTY, 82
ANGLE, -465, -154, 1536, -6, 122, 16.76

WEIGHTS, 38.60,118.77
DUTY, 88
ANGLE, -11, 41, 873, 178, 127, 0.72

WEIGHTS, 43.82,118.40
DUTY, 90
ANGLE, 208, -308, 1477, 31, 294, -7.85

WEIGHTS, 45.19,121.41
DUTY, 91
ANGLE, 410, 40, 1338, 3, 369, -17.03

WEIGHTS, 43.06,120.43
DUTY, 92
ANGLE, -393, -60, 1684, -71, 291, 13.13

WEIGHTS, 40.16,113.62
DUTY, 93
ANGLE, -323, -85, 2069, -123, 379, 8.87

WEIGHTS, 48.17,98.37
DUTY, 94
ANGLE, -700, 408, 1045, 113, 204, 31.96

WEIGHTS, 68.15,87.36
DUTY, 94
ANGLE, -454, 216, 1774, 135, 692, 14.25

WEIGHTS, 81.06,69.86
DUTY, 92
ANGLE, 860, 1247, 2115, 177, 687, -19.30

WEIGHTS, 109.89,46.41
DUTY, 87
ANGLE, 73, 209, 857, -255, 569, -4.73

WEIGHTS, 117.62,48.38
DUTY, 87
ANGLE, 285, 864, 4491, -449, 790, -3.57

WEIGHTS, 106.97,60.88
DUTY, 87
ANGLE, -1704, 1760, 4127, -125, 447, 20.80

WEIGHTS, 94.75,63.27
DUTY, 81
ANGLE, -769, 1354, 1178, 27, -32, 23.19

WEIGHTS, 116.14,61.66
DUTY, 79
ANGLE, -371, -654, 1435, 176, 107, 13.24

WEIGHTS, 92.91,72.28
DUTY, 77
ANGLE, -997, -475, -777, -52, 174, 47.59

WEIGHTS, 96.98,52.68
DUTY, 76
ANGLE, 775, -241, 500, -318, -175, -54.39

WEIGHTS, 107.49,64.43
DUTY, 75
ANGLE, -119, -1711, 202, 643, 77, 3.95

WEIGHTS, 91.08,48.48
DUTY, 79
ANGLE, 795, 180, -2035, -435, 298, -21.26

WEIGHTS, 127.13,43.42
DUTY, 73
ANGLE, -231, 428, 782, -375, 434, 14.53

WEIGHTS, 116.97,45.62
DUTY, 71
ANGLE, -1397, 1439, 4015, 162, 246, 18.14

WEIGHTS, 119.56,44.37
DUTY, 70
ANGLE, -1129, 387, 798, -195, -164, 51.85

WEIGHTS, 125.61,33.84
DUTY, 74
ANGLE, 48, 767, 4908, 105, 162, -0.55

WEIGHTS, 137.63,42.51
DUTY, 68
ANGLE, -1648, 466, 1805, 246, 187, 41.48

WEIGHTS, 122.88,36.92
DUTY, 67
ANGLE, 1560, 856, 4284, 114, 108, -19.65

WEIGHTS, 128.09,40.04
DUTY, 67
ANGLE, -689, 86, 1308, -438, 127, 27.73

WEIGHTS, 129.97,43.76
DUTY, 62
ANGLE, 2452, -1236, -3947, 405, 195, -30.66

WEIGHTS, 116.29,44.95
DUTY, 64
ANGLE, -1723, 209, 2260, -390, 5, 37.20

WEIGHTS, 126.26,42.02
DUTY, 62
ANGLE, 538, 255, -2030, -414, 76, -14.73

WEIGHTS, 129.59,79.85
DUTY, 64
ANGLE, -320, -364, 153, -192, 328, 39.02

WEIGHTS, 77.24,108.71
DUTY, 66
ANGLE, 1113, -913, -2040, 512, 469, -26.47

WEIGHTS, 50.15,112.87
DUTY, 66
ANGLE, -1586, 298, -399, -289, 651, 72.57

WEIGHTS, 69.16,98.92
DUTY, 73
ANGLE, 484, -412, 671, -257, 965, -31.58

WEIGHTS, 64.97,90.10
DUTY, 76
ANGLE, -1638, -1264, 1196, -969, 10, 43.27

WEIGHTS, 100.39,61.29
DUTY, 76
ANGLE, -507, 278, 1532, -16, 515, 18.04

WEIGHTS, 105.46,55.53
DUTY, 66
ANGLE, -172, 933, -301, -30, 932, 9.95

WEIGHTS, 108.14,51.79
DUTY, 67
ANGLE, 1500, -144, -4143, -733, 1203, -19.89

WEIGHTS, 131.17,40.97
DUTY, 63
ANGLE, -2149, -143, 2591, -299, 371, 39.63

WEIGHTS, 127.22,37.19
DUTY, 62
ANGLE, -2844, 262, 226, -204, 575, 83.06

WEIGHTS, 131.36,52.17
DUTY, 62
ANGLE, 479, 244, 836, -159, 283, -28.81

WEIGHTS, 106.85,90.65
DUTY, 67
ANGLE, -1469, -2346, 979, -154, -219, 30.02

WEIGHTS, 60.96,113.83
DUTY, 71
ANGLE, 1197, -657, -928, -65, -560, -46.47

WEIGHTS, 56.60,96.25
DUTY, 74
ANGLE, 868, -757, 489, -87, -504, -43.92

WEIGHTS, 87.29,69.62
DUTY, 76
ANGLE, -695, -60, 1138, -227, 48, 31.38

WEIGHTS, 103.23,57.26
DUTY, 68
ANGLE, -647, -380, -377, -173, 414, 50.40

WEIGHTS, 102.22,49.92
DUTY, 65
ANGLE, 1387, 937, 2169, -119, 216, -30.41

WEIGHTS, 117.52,49.00
DUTY, 66
ANGLE, -1625, 84, -353, 83, 115, 77.41

WEIGHTS, 125.62,45.07
DUTY, 63
ANGLE, -149, 430, 3087, 318, 250, 2.74

WEIGHTS, 115.97,52.65
DUTY, 64
ANGLE, 907, 45, -120, 9, -73, -81.96

WEIGHTS, 113.59,83.64
DUTY, 67
ANGLE, -1682, 2007, 3857, 59, -630, 21.15

WEIGHTS, 80.73,87.70
DUTY, 70
ANGLE, -689, 673, -1087, -335, 174, 28.32

WEIGHTS, 87.90,79.01
DUTY, 72
ANGLE, 1694, 1496, 3594, -629, 275, -23.52

WEIGHTS, 80.40,60.14
DUTY, 70
ANGLE, -169, -1332, -5335, -207, 150, 1.76

WEIGHTS, 110.17,50.33
DUTY, 65
ANGLE, -928, 1836, -2026, 275, 108, 18.75

WEIGHTS, 118.70,45.37
DUTY, 65
ANGLE, -1143, -164, 2602, -1260, 83, 23.67

WEIGHTS, 131.61,44.93
DUTY, 62
ANGLE, -3419, 302, 984, 98, 122, 73.25

WEIGHTS, 98.27,84.51
DUTY, 66
ANGLE, -1432, 136, 1610, -405, 181, 41.55

WEIGHTS, 77.33,94.86
DUTY, 66
ANGLE, -1032, 103, 3079, 557, 383, 18.52

WEIGHTS, 58.49,96.82
DUTY, 72
ANGLE, -77, 39, 602, -339, 327, 7.27

WEIGHTS, 98.69,72.40
DUTY, 74
ANGLE, -1027, -537, 3449, 554, 597, 16.40

WEIGHTS, 82.09,58.08
DUTY, 68
ANGLE, 440, -74, -253, -335, 58, -59.07

WEIGHTS, 124.11,32.82
DUTY, 64
ANGLE, 5, -119, 951, 167, 501, -0.30

WEIGHTS, 144.26,31.13
DUTY, 62
ANGLE, 1009, -1150, -1687, -14, 363, -26.30

WEIGHTS, 128.19,52.30
DUTY, 62
ANGLE, -855, -202, -37, 110, 49, 76.49

WEIGHTS, 103.80,89.72
DUTY, 68
ANGLE, -812, -1144, 3278, 457, 47, 13.16

WEIGHTS, 75.51,98.02
DUTY, 66
ANGLE, 500, -1298, 1850, 836, 150, -12.48

WEIGHTS, 62.86,82.24
DUTY, 73
ANGLE, 597, 937, 1146, 537, 455, -21.96

WEIGHTS, 99.10,52.79
DUTY, 74
ANGLE, -1090, -1673, 1148, -484, 324, 28.25

WEIGHTS, 115.34,37.18
DUTY, 64
ANGLE, 1304, 524, 2224, 782, 466, -29.71

WEIGHTS, 136.06,34.78
DUTY, 62
ANGLE, -765, -782, 3564, 434, 261, 11.84

WEIGHTS, 125.07,54.81
DUTY, 62
ANGLE, -1320, 466, 2657, 277, 249, 26.07

WEIGHTS, 121.42,77.97
DUTY, 67
ANGLE, 566, 832, 350, -247, 353, -32.09

WEIGHTS, 73.52,88.63
DUTY, 66
ANGLE, 1258, 163, 3624, -12, 553, -19.13

WEIGHTS, 80.46,74.53
DUTY, 71
ANGLE, 484, -598, 1411, -384, 410, -17.53

WEIGHTS, 106.15,63.57
DUTY, 70
ANGLE, -227, 85, 1586, 300, 415, 8.13

WEIGHTS, 91.82,68.34
DUTY, 67
ANGLE, 233, 832, 681, 138, 396, -12.23

WEIGHTS, 124.10,37.45
DUTY, 66
ANGLE, 562, 500, -214, 138, 712, -45.94

WEIGHTS, 132.92,38.10
DUTY, 62
ANGLE, -66, 193, -1185, 365, 386, 3.15

WEIGHTS, 137.14,43.01
DUTY, 62
ANGLE, -47, 185, 1260, 95, 586, 2.11

WEIGHTS, 106.73,87.95
DUTY, 65
ANGLE, -230, -567, 1547, -132, 406, 7.95

WEIGHTS, 61.94,112.77
DUTY, 65
ANGLE, 243, -68, 582, -340, 558, -22.52

WEIGHTS, 42.16,114.37
DUTY, 73
ANGLE, 298, -104, 1921, 221, 498, -8.81

WEIGHTS, 80.86,72.44
DUTY, 76
ANGLE, 256, -359, 961, -223, 545, -14.01

WEIGHTS, 108.62,52.76
DUTY, 75
ANGLE, 735, 606, 509, 139, 739, -42.88

WEIGHTS, 112.59,52.01
DUTY, 65
ANGLE, -508, -425, -38, -100, 475, 49.97

WEIGHTS, 114.64,48.07
DUTY, 65
ANGLE, 1259, 666, 3102, 224, 312, -21.64

WEIGHTS, 119.07,55.12
DUTY, 65
ANGLE, -376, -618, 574, 19, 290, 24.03

WEIGHTS, 113.05,49.93
DUTY, 65
ANGLE, 4, 877, 3231, -27, 441, -0.07

WEIGHTS, 115.45,52.38
DUTY, 65
ANGLE, -605, -170, 1061, 23, 162, 29.38

WEIGHTS, 110.08,77.46
DUTY, 67
ANGLE, -546, 34, 2305, 114, 2, 13.32

WEIGHTS, 86.93,72.32
DUTY, 70
ANGLE, 1131, -1132, 45, -77, 158, -44.95

WEIGHTS, 101.01,67.00
DUTY, 69
ANGLE, 51, 932, 2412, -54, 306, -1.13

WEIGHTS, 96.80,47.72
DUTY, 67
ANGLE, 125, -1437, 2851, 350, 368, -2.24

WEIGHTS, 123.83,45.15
DUTY, 63
ANGLE, 808, 315, 3237, 163, 472, -13.95

WEIGHTS, 120.00,53.96
DUTY, 64
ANGLE, -1201, -1204, 3958, -220, 183, 16.19

WEIGHTS, 113.73,76.67
DUTY, 66
ANGLE, 1396, -927, 207, -386, 466, -55.77

WEIGHTS, 82.04,87.29
DUTY, 70
ANGLE, 1211, -160, 975, 56, 538, -50.79

WEIGHTS, 86.73,94.08
DUTY, 66
ANGLE, 321, 1538, -112, 212, 664, -11.76

WEIGHTS, 87.53,74.28
DUTY, 72
ANGLE, 244, -1217, 1158, 124, 123, -8.26

WEIGHTS, 94.45,67.91
DUTY, 69
ANGLE, -639, 1383, 1634, 169, 601, 16.62

WEIGHTS, 103.95,53.81
DUTY, 69
ANGLE, -859, 505, 510, 196, 481, 50.12

WEIGHTS, 116.56,55.81
DUTY, 65
ANGLE, -220, -1456, 355, 281, 17, 8.35

WEIGHTS, 104.42,60.63
DUTY, 67
ANGLE, -108, 1379, 4226, -99, 242, 1.39

WEIGHTS, 108.15,56.18
DUTY, 67
ANGLE, -1408, -1492, 1992, 114, 170, 29.50

WEIGHTS, 114.92,51.97
DUTY, 65
ANGLE, -277, -1596, -70, -242, 162, 9.84

WEIGHTS, 111.46,65.58
DUTY, 66
ANGLE, -346, 161, -1922, 576, 314, 10.17

WEIGHTS, 91.38,90.63
DUTY, 69
ANGLE, 1019, -711, -407, -3, 296, -51.20

WEIGHTS, 76.89,79.10
DUTY, 67
ANGLE, 1853, -106, 719, -78, 651, -68.58

WEIGHTS, 96.38,65.27
DUTY, 70
ANGLE, -641, 1097, 1919, 17, 519, 16.17

WEIGHTS, 109.07,57.94
DUTY, 68
ANGLE, -191, -1203, 1458, -35, 846, 5.77

WEIGHTS, 117.27,52.72
DUTY, 65
ANGLE, -41, 268, 39, -197, 685, 8.61

WEIGHTS, 119.59,50.53
DUTY, 64
ANGLE, -1276, 342, 2381, -68, 570, 27.94

WEIGHTS, 121.97,66.92
DUTY, 65
ANGLE, -457, 383, 3030, 245, 339, 8.51

WEIGHTS, 88.07,84.51
DUTY, 69
ANGLE, 769, -1534, -522, -36, 562, -25.39

WEIGHTS, 84.43,62.61
DUTY, 71
ANGLE, 53, 1085, 3515, -331, 430, -0.83

WEIGHTS, 111.08,55.50
DUTY, 67
ANGLE, -591, -642, 2510, 459, 346, 12.85

WEIGHTS, 111.11,46.12
DUTY, 65
ANGLE, 1955, -575, 1833, 293, 647, -45.50

WEIGHTS, 122.63,43.09
DUTY, 64
ANGLE, 1325, 107, 1235, -497, 672, -46.91

WEIGHTS, 121.18,62.10
DUTY, 64
ANGLE, -680, 1380, 1905, 610, 313, 16.12

WEIGHTS, 105.95,94.27
DUTY, 68
ANGLE, -154, -807, 4149, -233, 300, 2.09

WEIGHTS, 67.51,98.40
DUTY, 66
ANGLE, 712, 66, -31, 207, 318, -84.15

WEIGHTS, 83.58,73.32
DUTY, 71
ANGLE, -346, -75, 2922, -252, -68, 6.75

WEIGHTS, 90.48,79.68
DUTY, 70
ANGLE, 2872, -276, 1674, 277, 44, -59.43

WEIGHTS, 85.74,73.84
DUTY, 71
ANGLE, 511, -805, -1709, -44, -39, -15.14

WEIGHTS, 93.90,76.85
DUTY, 70
ANGLE, 1565, -281, 184, 378, 48, -77.89

WEIGHTS, 93.33,62.19
DUTY, 70
ANGLE, -197, -747, 1409, -83, 5, 7.04

WEIGHTS, 107.78,62.83
DUTY, 67
ANGLE, -89, 19, 4691, 17, 210, 1.09

WEIGHTS, 104.12,67.51
DUTY, 67
ANGLE, -730, 469, 3051, -96, 917, 13.31

WEIGHTS, 99.94,65.32
DUTY, 68
ANGLE, -2896, 2072, 207, -97, 500, 54.28

WEIGHTS, 97.99,64.12
DUTY, 68
ANGLE, -152, 110, 3639, -238, 660, 2.39

WEIGHTS, 107.80,55.25
DUTY, 67
ANGLE, 150, -843, -3095, -627, 1034, -2.68

WEIGHTS, 111.82,55.84
DUTY, 66
ANGLE, 792, -222, 2202, -651, 674, -19.69

WEIGHTS, 109.43,56.56
DUTY, 66
ANGLE, 621, -3139, 4286, 584, 248, -6.67

WEIGHTS, 108.86,69.14
DUTY, 66
ANGLE, -2263, -3177, -2458, 1752, 221, 29.40

WEIGHTS, 101.69,77.98
DUTY, 68
ANGLE, -2568, -2455, 1397, -599, -520, 42.28
