WEIGHTS, -9.99,10.00
DUTY, 82
ANGLE, 104, -107, 1364, 24, 310, -4.35

WEIGHTS, -10.00,10.00
DUTY, 82
ANGLE, 113, -97, 1363, -2, 313, -4.73

WEIGHTS, -10.00,10.00
DUTY, 82
ANGLE, 110, -90, 1366, 6, 310, -4.59

WEIGHTS, -10.00,10.00
DUTY, 82
ANGLE, 101, -94, 1367, 14, 307, -4.22

WEIGHTS, -10.00,10.00
DUTY, 82
ANGLE, 115, -107, 1369, -3, 287, -4.79

WEIGHTS, -10.00,10.00
DUTY, 82
ANGLE, 99, -95, 1373, 5, 288, -4.11

WEIGHTS, -10.00,10.00
DUTY, 82
ANGLE, 101, -99, 1354, 6, 305, -4.25

WEIGHTS, -10.00,10.00
DUTY, 82
ANGLE, 110, -105, 1363, 8, 303, -4.60

WEIGHTS, -10.01,10.00
DUTY, 82
ANGLE, 101, -95, 1361, 18, 314, -4.23

WEIGHTS, -10.01,10.00
DUTY, 82
ANGLE, 106, -111, 1359, 13, 297, -4.45

WEIGHTS, -10.00,10.00
DUTY, 82
ANGLE, 91, -112, 1362, 4, 295, -3.81

WEIGHTS, -10.01,10.00
DUTY, 82
ANGLE, 106, -101, 1369, 9, 297, -4.42

WEIGHTS, -10.00,10.01
DUTY, 82
ANGLE, 97, -106, 1373, 13, 304, -4.03

WEIGHTS, -10.01,10.00
DUTY, 82
ANGLE, 97, -103, 1357, 4, 285, -4.08

WEIGHTS, -10.01,10.00
DUTY, 82
ANGLE, 101, -105, 1366, 7, 300, -4.22

WEIGHTS, -10.03,10.00
DUTY, 82
ANGLE, 50, -723, 2042, -87, 261, -1.32

WEIGHTS, -7.31,10.14
DUTY, 82
ANGLE, 157, -149, 1376, 117, 328, -6.47

WEIGHTS, 4.38,10.37
DUTY, 82
ANGLE, 39, -148, 1360, 104, 310, -1.63

WEIGHTS, 68.33,12.32
DUTY, 82
ANGLE, 14, -211, 1186, 37, 399, -0.67

WEIGHTS, 96.00,18.85
DUTY, 82
ANGLE, 525, -296, 1446, -746, 513, -19.58

WEIGHTS, 107.67,140.01
DUTY, 82
ANGLE, -435, -318, 1480, 272, 370, 16.03

WEIGHTS, 39.57,105.58
DUTY, 82
ANGLE, -83, -133, 710, -174, 408, 6.55

WEIGHTS, 50.35,79.65
DUTY, 91
ANGLE, -139, -214, 1845, -55, 220, 4.28

WEIGHTS, 89.58,111.67
DUTY, 89
ANGLE, 231, -408, 1422, 58, 263, -8.87

WEIGHTS, 48.84,110.00
DUTY, 82
ANGLE, 178, 44, 1187, 162, 158, -8.52

WEIGHTS, 48.41,120.44
DUTY, 82
ANGLE, 289, 297, 1619, 104, 115, -9.96

WEIGHTS, 40.66,119.86
DUTY, 88
ANGLE, 423, -2, 1507, 59, 135, -15.68

WEIGHTS, 36.84,123.92
DUTY, 89
ANGLE, 157, -68, 795, 40, 388, -11.13

WEIGHTS, 32.02,125.18
DUTY, 91
ANGLE, -17, -34, 1691, -99, 147, 0.58

WEIGHTS, 34.39,118.61
DUTY, 92
ANGLE, 462, 114, 978, -115, 126, -25.14

WEIGHTS, 38.51,124.87
DUTY, 93
ANGLE, 132, -175, 1119, -98, 279, -6.65

WEIGHTS, 32.88,128.57
DUTY, 94
ANGLE, 53, 27, 1712, -52, 191, -1.77

WEIGHTS, 30.93,132.96
DUTY, 94
ANGLE, 98, -123, 2002, 253, 89, -2.80

WEIGHTS, 27.48,138.48
DUTY, 95
ANGLE, 269, -114, 880, 83, 290, -16.86

WEIGHTS, 27.70,137.44
DUTY, 96
ANGLE, 63, -431, 1513, 64, 327, -2.29

WEIGHTS, 36.44,123.68
DUTY, 96
ANGLE, 816, -64, 2145, 67, 291, -20.82

WEIGHTS, 46.92,124.95
DUTY, 97
ANGLE, -136, 73, 1600, 8, 334, 4.85

WEIGHTS, 63.81,85.88
DUTY, 97
ANGLE, 550, -204, 1248, -63, 258, -23.51

WEIGHTS, 91.55,57.80
DUTY, 94
ANGLE, -288, 624, 747, 67, 724, 16.48

WEIGHTS, 110.22,50.56
DUTY, 87
ANGLE, 1104, 239, -1091, 22, 588, -44.67

WEIGHTS, 111.29,63.28
DUTY, 87
ANGLE, 584, 201, 416, 61, 875, -51.65

WEIGHTS, 108.36,50.03
DUTY, 87
ANGLE, 493, 251, -705, -76, 910, -33.38

WEIGHTS, 113.40,51.72
DUTY, 82
ANGLE, 1414, -921, -22, 13, 674, -56.91

WEIGHTS, 110.46,78.20
DUTY, 80
ANGLE, 1688, -327, 615, -174, 1067, -67.58

WEIGHTS, 71.48,96.13
DUTY, 82
ANGLE, -275, -84, 1391, -48, 799, 11.16

WEIGHTS, 51.42,133.11
DUTY, 93
ANGLE, -358, -80, 1710, -168, 214, 11.81

WEIGHTS, 26.77,147.82
DUTY, 84
ANGLE, -383, -307, 1337, 177, 339, 15.60

WEIGHTS, 21.64,133.03
DUTY, 84
ANGLE, -424, -31, 1588, -3, 253, 14.95

WEIGHTS, 37.53,126.82
DUTY, 84
ANGLE, 258, 115, 1426, 218, 324, -10.22

WEIGHTS, 37.98,128.14
DUTY, 84
ANGLE, -3, -105, 1032, 237, 357, 0.17

WEIGHTS, 44.82,128.04
DUTY, 90
ANGLE, 432, -74, 1889, 6, 368, -12.87

WEIGHTS, 49.59,126.44
DUTY, 91
ANGLE, 403, -190, 1298, -103, 107, -17.08

WEIGHTS, 67.35,94.88
DUTY, 92
ANGLE, 2, -187, 1835, -229, 137, -0.06

WEIGHTS, 85.49,105.58
DUTY, 92
ANGLE, -231, -408, 1052, -28, 0, 11.57

WEIGHTS, 66.51,124.58
DUTY, 92
ANGLE, -204, -814, 1582, -4, 16, 6.54

WEIGHTS, 58.91,102.52
DUTY, 96
ANGLE, 256, -799, 2086, -82, 105, -6.54

WEIGHTS, 80.72,110.26
DUTY, 91
ANGLE, 222, -227, 859, -80, -45, -14.03

WEIGHTS, 66.95,126.44
DUTY, 93
ANGLE, 50, -788, 2160, 29, 134, -1.25

WEIGHTS, 59.27,112.85
DUTY, 97
ANGLE, 162, 331, 1049, 189, 468, -8.38

WEIGHTS, 74.96,62.02
DUTY, 90
ANGLE, 1233, -214, 1414, -72, 595, -40.77

WEIGHTS, 101.47,65.46
DUTY, 89
ANGLE, -2722, 519, -608, 241, 1106, 73.63

WEIGHTS, 91.52,97.55
DUTY, 89
ANGLE, 668, 2137, 2064, 1026, 289, -12.67

WEIGHTS, 75.28,81.66
DUTY, 85
ANGLE, -987, 58, 5176, 277, 905, 10.80

WEIGHTS, 96.63,55.96
DUTY, 89
ANGLE, 3340, 420, 5536, -109, 573, -31.03

WEIGHTS, 108.24,68.10
DUTY, 83
ANGLE, 2005, -752, 5084, 161, 1095, -21.31

WEIGHTS, 98.07,72.88
DUTY, 81
ANGLE, 674, -306, 759, 110, 415, -39.47

WEIGHTS, 87.52,102.32
DUTY, 79
ANGLE, 70, -851, -1504, 1003, -59, -2.32

WEIGHTS, 52.41,121.34
DUTY, 85
ANGLE, 647, 644, 3729, -181, 464, -9.70

WEIGHTS, 37.34,131.14
DUTY, 85
ANGLE, -528, 645, 1881, -131, 96, 14.87

WEIGHTS, 34.31,137.98
DUTY, 85
ANGLE, 1802, 96, 938, 18, 271, -62.38

WEIGHTS, 30.84,149.04
DUTY, 85
ANGLE, -248, -32, 1248, -232, -130, 11.24

WEIGHTS, 27.29,145.85
DUTY, 85
ANGLE, 401, 267, 3055, -106, 322, -7.45

WEIGHTS, 27.91,138.57
DUTY, 90
ANGLE, 232, -1521, 1630, -451, 492, -5.94

WEIGHTS, 26.23,131.45
DUTY, 91
ANGLE, 290, 706, 1282, -178, 361, -11.21

WEIGHTS, 39.43,127.77
DUTY, 92
ANGLE, -3300, 2871, -4100, -474, -26, 33.40

WEIGHTS, 46.36,111.26
DUTY, 93
ANGLE, 911, 878, 2584, -207, 189, -18.46

WEIGHTS, 71.73,108.96
DUTY, 94
ANGLE, 916, -241, 71, 307, 497, -74.66

WEIGHTS, 74.72,88.03
DUTY, 93
ANGLE, -1042, -1390, 977, -165, 453, 31.52

WEIGHTS, 84.55,81.35
DUTY, 86
ANGLE, 346, -930, 382, -18, 182, -18.99

WEIGHTS, 87.27,87.03
DUTY, 88
ANGLE, 3196, 1355, 2747, -135, 90, -46.22

WEIGHTS, 82.57,93.20
DUTY, 86
ANGLE, -1884, 200, 1368, 228, 172, 53.73

WEIGHTS, 78.08,96.88
DUTY, 89
ANGLE, -798, -561, 1631, 29, 583, 24.83

WEIGHTS, 69.66,87.90
DUTY, 88
ANGLE, 388, 450, 2393, -200, 951, -9.05

WEIGHTS, 80.02,87.90
DUTY, 87
ANGLE, -1499, 39, -867, -628, 358, 59.93

WEIGHTS, 76.75,86.60
DUTY, 88
ANGLE, -85, -328, -1219, 567, 898, 3.85

WEIGHTS, 83.18,86.08
DUTY, 88
ANGLE, 3601, 1382, 2285, -960, 479, -53.44

WEIGHTS, 82.43,86.78
DUTY, 85
ANGLE, -377, -1281, -77, -64, 218, 16.37

WEIGHTS, 80.78,96.59
DUTY, 88
ANGLE, -13, 1076, 2694, -71, 287, 0.26

WEIGHTS, 69.80,123.92
DUTY, 92
ANGLE, -797, -879, 138, 426, 156, 41.85

WEIGHTS, 44.22,114.87
DUTY, 88
ANGLE, 44, -1176, 3632, 436, 48, -0.66

WEIGHTS, 76.39,91.04
DUTY, 96
ANGLE, -1929, -1530, 2385, -1127, -156, 34.25

WEIGHTS, 88.99,87.85
DUTY, 85
ANGLE, 1618, 855, 633, -105, 250, -56.68

WEIGHTS, 80.80,96.69
DUTY, 85
ANGLE, 372, 2717, -548, -141, 23, -7.64

WEIGHTS, 76.87,96.16
DUTY, 88
ANGLE, 1416, -4892, -2363, -210, 57, -14.61

WEIGHTS, 76.45,97.54
DUTY, 89
ANGLE, -2570, -3026, 1920, 617, 264, 35.65

WEIGHTS, 72.30,98.53
DUTY, 89
ANGLE, 659, 1685, 4026, -8, 128, -8.59

WEIGHTS, 72.51,99.38
DUTY, 91
ANGLE, 304, 1619, 2905, -610, 382, -5.22

WEIGHTS, 68.68,95.45
DUTY, 92
ANGLE, -2254, 1195, 911, -212, 406, 56.31

WEIGHTS, 71.35,91.38
DUTY, 89
ANGLE, -1523, -398, -13, -255, 658, 75.35

WEIGHTS, 81.47,85.30
DUTY, 86
ANGLE, -2343, -447, -4431, -238, -199, 27.75

WEIGHTS, 83.75,92.08
DUTY, 88
ANGLE, -1847, 1448, 806, 418, 344, 48.10

WEIGHTS, 80.75,89.25
DUTY, 86
ANGLE, -1367, -2234, -2985, -864, 98, 20.14

WEIGHTS, 74.17,100.61
DUTY, 89
ANGLE, -240, 387, 3486, -607, 889, 3.91

WEIGHTS, 64.63,91.85
DUTY, 89
ANGLE, 1390, 138, -1073, -215, -51, -52.11

WEIGHTS, 73.65,100.47
DUTY, 89
ANGLE, 317, 2995, 2282, -25, 406, -4.81

WEIGHTS, 76.72,108.31
DUTY, 92
ANGLE, 1416, 1691, -1960, 226, 626, -28.68

WEIGHTS, 59.58,102.11
DUTY, 95
ANGLE, 931, -1614, 461, -655, 102, -29.01

WEIGHTS, 62.55,97.72
DUTY, 93
ANGLE, -3087, -1789, 434, 337, -8, 59.19

WEIGHTS, 79.62,92.34
DUTY, 88
ANGLE, 42, 167, 973, 712, 537, -2.44

WEIGHTS, 80.09,94.29
DUTY, 86
ANGLE, 489, -34, 2934, -482, 921, -9.46

WEIGHTS, 76.06,96.43
DUTY, 89
ANGLE, 536, -810, 3276, 85, 1222, -9.02

WEIGHTS, 76.06,88.40
DUTY, 89
ANGLE, 2854, -875, -1301, 461, 921, -61.22

WEIGHTS, 84.24,82.55
DUTY, 86
ANGLE, -3823, 664, 7041, -205, 73, 28.39

WEIGHTS, 86.03,101.27
DUTY, 86
ANGLE, -1087, -286, -3545, -302, 191, 17.00

WEIGHTS, 58.43,102.47
DUTY, 92
ANGLE, 553, 901, -314, 690, 43, -30.10

WEIGHTS, 64.42,106.02
DUTY, 91
ANGLE, -744, -2603, -5005, -635, -161, 7.51

WEIGHTS, 75.81,100.21
DUTY, 93
ANGLE, 365, -841, 888, 35, 572, -16.62

WEIGHTS, 80.57,80.82
DUTY, 88
ANGLE, 523, 381, 4819, -192, 228, -6.17

WEIGHTS, 81.34,89.44
DUTY, 85
ANGLE, -4719, -980, 2857, -926, 72, 57.38

WEIGHTS, 81.09,89.66
DUTY, 87
ANGLE, -290, -906, -525, 40, 175, 15.48

WEIGHTS, 76.09,89.18
DUTY, 87
ANGLE, -2561, 1497, 1528, -699, -80, 50.13

WEIGHTS, 77.02,100.86
DUTY, 88
ANGLE, 228, -79, -508, -4, 12, -23.92

WEIGHTS, 61.09,127.17
DUTY, 93
ANGLE, -861, -60, 5940, -117, 520, 8.25

WEIGHTS, 43.68,114.85
DUTY, 89
ANGLE, -781, -1950, -2301, -356, 156, 14.52

WEIGHTS, 54.99,100.51
DUTY, 99
ANGLE, 145, 169, 4497, 631, 199, -1.85

WEIGHTS, 73.22,88.12
DUTY, 91
ANGLE, -247, -1318, 5991, 302, 505, 2.31

WEIGHTS, 84.00,80.36
DUTY, 87
ANGLE, -1958, 521, -1466, -614, 587, 51.53

WEIGHTS, 88.34,76.34
DUTY, 89
ANGLE, -617, -937, 94, -865, 321, 33.23

WEIGHTS, 83.31,93.79
DUTY, 89
ANGLE, 2169, 3199, 2894, -90, 316, -26.69

WEIGHTS, 75.27,91.65
DUTY, 88
ANGLE, 171, 1093, 3202, 23, 856, -2.89

WEIGHTS, 78.37,84.36
DUTY, 88
ANGLE, 1171, 684, 656, -385, 525, -51.02

WEIGHTS, 79.93,88.58
DUTY, 86
ANGLE, -1958, -2132, 2276, -481, 423, 32.12

WEIGHTS, 78.13,86.61
DUTY, 86
ANGLE, -837, 202, 1719, -97, 26, 25.81

WEIGHTS, 79.52,96.99
DUTY, 87
ANGLE, -1285, 231, 2307, -12, 221, 29.00

WEIGHTS, 66.15,109.32
DUTY, 92
ANGLE, -2316, -193, 1380, -396, 293, 58.97

WEIGHTS, 59.40,99.75
DUTY, 94
ANGLE, 835, -1801, 4265, 964, 406, -10.22

WEIGHTS, 74.16,91.83
DUTY, 92
ANGLE, 252, 571, 375, 440, 210, -20.25

WEIGHTS, 85.35,73.80
DUTY, 85
ANGLE, -664, 1417, 909, -780, 293, 21.53

WEIGHTS, 99.30,86.27
DUTY, 89
ANGLE, -2546, -1143, 1853, -52, 231, 49.47

WEIGHTS, 82.14,76.10
DUTY, 83
ANGLE, -1645, -412, -491, 137, 62, 68.71

WEIGHTS, 88.23,94.67
DUTY, 82
ANGLE, -1075, -658, -4446, 93, 195, 13.45
