WEIGHTS, -10.00,10.01
DUTY, 82
ANGLE, 81, -29, 1369, 10, 306, -3.39

WEIGHTS, -10.00,10.01
DUTY, 82
ANGLE, 84, -25, 1371, 11, 301, -3.51

WEIGHTS, -10.00,10.00
DUTY, 82
ANGLE, 76, -24, 1361, 5, 301, -3.20

WEIGHTS, -10.00,10.01
DUTY, 82
ANGLE, 88, -22, 1360, 15, 315, -3.70

WEIGHTS, -10.00,10.00
DUTY, 82
ANGLE, 80, -32, 1370, 1, 301, -3.34

WEIGHTS, -10.00,10.01
DUTY, 82
ANGLE, 77, -30, 1374, 15, 303, -3.21

WEIGHTS, -10.00,10.01
DUTY, 82
ANGLE, 82, -27, 1364, 6, 309, -3.44

WEIGHTS, -9.99,10.01
DUTY, 82
ANGLE, 82, -31, 1369, 22, 307, -3.43

WEIGHTS, -10.00,10.01
DUTY, 82
ANGLE, 79, -31, 1362, 0, 305, -3.32

WEIGHTS, -10.00,10.01
DUTY, 82
ANGLE, 79, -28, 1363, 15, 306, -3.32

WEIGHTS, -10.00,10.01
DUTY, 82
ANGLE, 84, -34, 1373, 15, 300, -3.50

WEIGHTS, -10.00,10.01
DUTY, 82
ANGLE, 80, -11, 1372, 12, 298, -3.34

WEIGHTS, -9.99,10.01
DUTY, 82
ANGLE, 83, -26, 1373, 0, 305, -3.46

WEIGHTS, -9.99,10.01
DUTY, 82
ANGLE, 74, -27, 1367, 11, 306, -3.10

WEIGHTS, -10.00,10.01
DUTY, 82
ANGLE, 83, -24, 1370, 16, 306, -3.47

WEIGHTS, -9.99,10.01
DUTY, 82
ANGLE, 85, -28, 1372, 22, 309, -3.54

WEIGHTS, -9.99,10.02
DUTY, 82
ANGLE, 76, -26, 1372, 17, 311, -3.17

WEIGHTS, -9.99,10.02
DUTY, 82
ANGLE, 83, -23, 1372, 6, 303, -3.46

WEIGHTS, -9.99,10.01
DUTY, 82
ANGLE, 90, -32, 1367, 27, 301, -3.77

WEIGHTS, -9.99,10.02
DUTY, 82
ANGLE, 93, -37, 1366, 19, 294, -3.89

WEIGHTS, -9.99,10.01
DUTY, 82
ANGLE, 79, -19, 1364, 16, 315, -3.31

WEIGHTS, -10.01,10.01
DUTY, 82
ANGLE, 87, -28, 1376, 21, 303, -3.62

WEIGHTS, -9.99,10.01
DUTY, 82
ANGLE, 86, -38, 1372, 26, 301, -3.59

WEIGHTS, -9.98,10.01
DUTY, 82
ANGLE, 91, -32, 1370, 14, 308, -3.80

WEIGHTS, -9.99,10.01
DUTY, 82
ANGLE, 80, -29, 1375, 5, 301, -3.33

WEIGHTS, -10.02,10.02
DUTY, 82
ANGLE, 85, -29, 1359, 7, 310, -3.58

WEIGHTS, -10.00,10.01
DUTY, 82
ANGLE, 61, -12, 1144, 83, 310, -3.05

WEIGHTS, -9.60,9.98
DUTY, 82
ANGLE, 90, -38, 1384, 57, 317, -3.72

WEIGHTS, -6.37,9.98
DUTY, 82
ANGLE, 125, -63, 1415, 2, 293, -5.04

WEIGHTS, -8.11,10.03
DUTY, 82
ANGLE, 22, -41, 1324, 428, 317, -0.95

WEIGHTS, 11.98,10.62
DUTY, 82
ANGLE, -29, -209, 1577, -133, 341, 1.04

WEIGHTS, 89.41,11.48
DUTY, 82
ANGLE, -306, -1948, -1570, -275, 953, 6.97

WEIGHTS, 75.03,99.88
DUTY, 82
ANGLE, -462, -4, 607, -730, 257, 37.27

WEIGHTS, 78.93,62.41
DUTY, 92
ANGLE, 243, -199, 1261, -261, 224, -10.78

WEIGHTS, 93.43,77.65
DUTY, 82
ANGLE, 543, -1084, -538, 146, 359, -24.17

WEIGHTS, 90.12,54.64
DUTY, 82
ANGLE, -135, -121, 1387, -213, 205, 5.54

WEIGHTS, 88.56,75.98
DUTY, 82
ANGLE, 187, -135, 1258, 182, 307, -8.41

WEIGHTS, 79.88,95.23
DUTY, 82
ANGLE, -665, -209, 1071, -121, 504, 31.36

WEIGHTS, 62.24,83.24
DUTY, 90
ANGLE, 445, -4, 1320, 53, 175, -18.63

WEIGHTS, 59.03,147.45
DUTY, 82
ANGLE, -325, -147, 1610, 31, 337, 11.37

WEIGHTS, 42.19,79.28
DUTY, 82
ANGLE, 689, 86, 1553, -182, 152, -23.89

WEIGHTS, 102.79,94.62
DUTY, 82
ANGLE, 337, -78, 1464, 608, 338, -12.95

WEIGHTS, 93.49,69.28
DUTY, 82
ANGLE, -361, -210, 1345, -158, 329, 14.85

WEIGHTS, 98.18,72.37
DUTY, 82
ANGLE, -143, -142, 1451, -263, 264, 5.60

WEIGHTS, 91.94,74.55
DUTY, 82
ANGLE, 18, -164, 1418, -14, 259, -0.72

WEIGHTS, 93.96,99.61
DUTY, 82
ANGLE, 200, -203, 1450, -4, 323, -7.78

WEIGHTS, 58.54,144.16
DUTY, 82
ANGLE, 92, -104, 1377, -75, 310, -3.81

WEIGHTS, 35.31,145.93
DUTY, 82
ANGLE, 185, -70, 1314, 55, 299, -8.00

WEIGHTS, 20.97,147.45
DUTY, 82
ANGLE, 208, -139, 1347, 8, 292, -8.73

WEIGHTS, 19.63,141.88
DUTY, 87
ANGLE, 9, -93, 1325, 72, 274, -0.39

WEIGHTS, 31.10,125.06
DUTY, 88
ANGLE, 179, -143, 1386, -12, 298, -7.32

WEIGHTS, 44.57,132.39
DUTY, 90
ANGLE, 65, -152, 1334, 109, 272, -2.77

WEIGHTS, 35.59,137.82
DUTY, 91
ANGLE, 676, 106, 1286, -78, 188, -27.65

WEIGHTS, 35.37,140.85
DUTY, 92
ANGLE, -407, -73, 1160, 139, 326, 19.30

WEIGHTS, 47.80,104.27
DUTY, 93
ANGLE, 341, 331, 800, 169, 313, -21.50

WEIGHTS, 70.40,105.48
DUTY, 93
ANGLE, 221, -498, 1118, 111, 238, -10.24

WEIGHTS, 66.54,99.81
DUTY, 93
ANGLE, -481, 111, 1529, 30, 294, 17.42

WEIGHTS, 77.14,93.35
DUTY, 92
ANGLE, 969, -919, 1302, -10, 153, -31.30

WEIGHTS, 76.26,113.54
DUTY, 88
ANGLE, 1478, 133, 4139, -60, -300, -19.64

WEIGHTS, 40.07,175.45
DUTY, 95
ANGLE, 353, -261, 1319, -142, 350, -14.71

WEIGHTS, 45.14,79.47
DUTY, 92
ANGLE, -431, 341, 2322, -200, 662, 10.41

WEIGHTS, 95.39,42.75
DUTY, 88
ANGLE, 992, -576, 715, 408, 810, -47.21

WEIGHTS, 122.99,63.12
DUTY, 88
ANGLE, 1126, -1442, 2089, -249, 370, -23.92

WEIGHTS, 104.60,71.29
DUTY, 88
ANGLE, 1035, -772, 2019, 101, 127, -25.59

WEIGHTS, 104.73,66.71
DUTY, 82
ANGLE, 363, -1148, 1330, -327, 142, -11.67

WEIGHTS, 104.52,72.27
DUTY, 80
ANGLE, -1370, 201, 924, -44, 375, 55.39

WEIGHTS, 91.20,105.74
DUTY, 78
ANGLE, -2441, 2167, 3364, -181, -542, 31.38

WEIGHTS, 58.84,139.09
DUTY, 91
ANGLE, -528, 1370, 1781, -524, 242, 13.22

WEIGHTS, 24.80,146.48
DUTY, 84
ANGLE, -221, -1022, 1112, 240, 178, 8.32

WEIGHTS, 29.85,126.28
DUTY, 84
ANGLE, 87, -276, 1408, -181, 463, -3.47

WEIGHTS, 33.83,153.19
DUTY, 84
ANGLE, -643, -276, 1416, -160, 323, 24.02

WEIGHTS, 17.29,150.18
DUTY, 84
ANGLE, -234, -291, 1642, -52, 251, 7.99

WEIGHTS, 16.96,140.45
DUTY, 89
ANGLE, 332, -437, 1438, 132, 271, -12.46

WEIGHTS, 27.27,142.86
DUTY, 90
ANGLE, -502, -4, 1591, 53, -5, 17.51

WEIGHTS, 29.68,136.90
DUTY, 92
ANGLE, 87, -265, 899, -104, 131, -5.30

WEIGHTS, 51.34,123.48
DUTY, 93
ANGLE, 253, -304, -389, -176, 295, -27.13

WEIGHTS, 62.86,102.63
DUTY, 93
ANGLE, 985, 102, 2008, -28, 185, -26.10

WEIGHTS, 66.82,105.51
DUTY, 93
ANGLE, -117, 44, 1460, -41, -44, 4.58

WEIGHTS, 71.80,116.46
DUTY, 93
ANGLE, 248, 248, 272, -2, 370, -33.97

WEIGHTS, 67.05,97.18
DUTY, 93
ANGLE, -902, -267, 807, 79, 782, 46.70

WEIGHTS, 86.35,67.27
DUTY, 86
ANGLE, 216, 326, 256, 44, 1030, -27.52

WEIGHTS, 91.79,78.31
DUTY, 88
ANGLE, -685, -407, 2090, 103, 776, 17.83

WEIGHTS, 85.12,88.67
DUTY, 88
ANGLE, -19, 2382, 3115, 116, 690, 0.28

WEIGHTS, 80.85,86.38
DUTY, 87
ANGLE, -955, -13, 1299, -24, 226, 36.32

WEIGHTS, 86.61,85.06
DUTY, 85
ANGLE, 81, 23, 1097, 10, 381, -4.22

WEIGHTS, 89.49,82.56
DUTY, 87
ANGLE, -1125, -1020, 532, -159, 617, 44.36

WEIGHTS, 75.82,104.08
DUTY, 86
ANGLE, 1049, 690, 23, 112, 530, -56.65

WEIGHTS, 63.72,101.31
DUTY, 92
ANGLE, 797, -480, 1447, 35, 426, -27.60

WEIGHTS, 63.89,108.63
DUTY, 94
ANGLE, -385, 71, 1397, -318, 416, 15.39

WEIGHTS, 71.04,74.84
DUTY, 91
ANGLE, -513, -575, 1435, 177, 348, 18.36

WEIGHTS, 94.10,83.15
DUTY, 88
ANGLE, 246, -494, -643, 235, 398, -16.88

WEIGHTS, 87.12,99.10
DUTY, 88
ANGLE, -193, 376, 1289, -211, 322, 8.18

WEIGHTS, 71.54,106.95
DUTY, 90
ANGLE, 354, -218, 1304, -145, 436, -14.99

WEIGHTS, 67.07,98.98
DUTY, 92
ANGLE, 866, 532, 1048, -131, -16, -36.38

WEIGHTS, 71.91,107.28
DUTY, 92
ANGLE, -712, -240, 505, 143, -167, 51.86

WEIGHTS, 70.40,102.17
DUTY, 92
ANGLE, -777, 1556, 1229, -24, 58, 21.40

WEIGHTS, 83.52,81.77
DUTY, 87
ANGLE, -141, -154, 2366, -92, 35, 3.40

WEIGHTS, 86.96,93.12
DUTY, 89
ANGLE, -879, -8, 1112, 173, -49, 38.32

WEIGHTS, 76.90,98.64
DUTY, 88
ANGLE, -976, -1005, 733, 353, 24, 38.12

WEIGHTS, 76.94,101.02
DUTY, 90
ANGLE, 497, 1422, 2349, 42, 107, -10.26

WEIGHTS, 72.14,105.11
DUTY, 91
ANGLE, 1271, 500, 2050, -116, 413, -31.06

WEIGHTS, 62.89,106.57
DUTY, 94
ANGLE, -114, -706, 2700, -142, 258, 2.34

WEIGHTS, 68.07,93.05
DUTY, 93
ANGLE, -394, 227, 3256, 297, 380, 6.88

WEIGHTS, 72.17,102.90
DUTY, 89
ANGLE, 566, -1063, -2144, -405, 857, -13.31

WEIGHTS, 71.81,83.05
DUTY, 89
ANGLE, -1900, -1024, 3291, 589, 139, 28.87

WEIGHTS, 79.45,89.12
DUTY, 86
ANGLE, 463, -442, -2652, -254, 260, -9.77

WEIGHTS, 79.87,104.70
DUTY, 87
ANGLE, -1200, -107, 3407, 406, 487, 19.39

WEIGHTS, 67.40,99.09
DUTY, 92
ANGLE, -478, 516, 1285, 125, 568, 19.04

WEIGHTS, 71.82,92.84
DUTY, 92
ANGLE, 1815, -532, 2680, -19, 402, -33.60

WEIGHTS, 75.35,97.91
DUTY, 90
ANGLE, 1360, 422, 2521, -1, 493, -28.02

WEIGHTS, 70.46,95.21
DUTY, 91
ANGLE, -100, -491, 430, -382, 437, 8.71

WEIGHTS, 69.53,100.26
DUTY, 90
ANGLE, 1029, 573, 476, 341, 556, -54.10

WEIGHTS, 64.39,104.16
DUTY, 91
ANGLE, -1303, -2294, 1431, -435, 384, 25.73

WEIGHTS, 63.94,98.12
DUTY, 92
ANGLE, -435, 226, -1215, -281, 558, 19.39

WEIGHTS, 70.55,88.74
DUTY, 91
ANGLE, -1566, -919, 3780, 363, 439, 21.93

WEIGHTS, 85.84,84.38
DUTY, 86
ANGLE, -892, 1151, 2678, -1169, 263, 17.01

WEIGHTS, 87.04,87.62
DUTY, 90
ANGLE, 949, 1316, -950, -600, -222, -30.31

WEIGHTS, 80.17,95.02
DUTY, 87
ANGLE, 819, -1144, 718, -59, -276, -31.23

WEIGHTS, 83.47,107.89
DUTY, 88
ANGLE, -567, -1874, 4580, 354, 17, 6.54

WEIGHTS, 57.65,111.33
DUTY, 95
ANGLE, 3929, -2012, -1825, 345, 231, -55.34

WEIGHTS, 57.89,110.44
DUTY, 96
ANGLE, -74, -1040, -1945, -835, 354, 1.92

WEIGHTS, 64.91,96.75
DUTY, 96
ANGLE, -2737, -271, 4155, -544, 174, 33.32

WEIGHTS, 76.66,89.48
DUTY, 87
ANGLE, -2898, 758, 1545, -511, 309, 59.30

WEIGHTS, 77.29,86.79
DUTY, 87
ANGLE, -1517, 3820, 1298, 479, 283, 20.61

WEIGHTS, 74.22,97.29
DUTY, 86
ANGLE, -1404, -3128, 8445, -766, 33, 8.86

WEIGHTS, 71.58,99.29
DUTY, 89
ANGLE, 5075, 4684, 1257, -1376, 336, -46.30

WEIGHTS, 72.38,95.26
DUTY, 90
ANGLE, 2515, 1054, 3840, -150, 355, -32.28

WEIGHTS, 68.24,108.82
DUTY, 91
ANGLE, -439, -846, 244, -61, 656, 26.50

WEIGHTS, 65.37,97.84
DUTY, 93
ANGLE, -817, -43, -676, -520, 854, 50.34

WEIGHTS, 75.36,83.67
DUTY, 90
ANGLE, 2973, -2487, 1463, 1125, 462, -45.86

WEIGHTS, 76.63,94.22
DUTY, 85
ANGLE, -19, 2283, 728, -94, -64, 0.45

WEIGHTS, 77.92,95.96
DUTY, 91
ANGLE, 1123, -4967, -1943, -684, 65, -11.89

WEIGHTS, 69.51,113.19
DUTY, 91
ANGLE, -1700, -2069, 3689, 363, 201, 21.90

WEIGHTS, 57.85,116.38
DUTY, 95
ANGLE, -183, 3361, -2696, -859, 435, 2.43

WEIGHTS, 55.52,100.36
DUTY, 98
ANGLE, -2938, -1657, 4537, 313, 151, 31.31

WEIGHTS, 76.40,81.62
DUTY, 91
ANGLE, -3215, -770, 3341, -63, 884, 43.16

WEIGHTS, 91.54,69.28
DUTY, 91
ANGLE, -3196, 1524, 222, -854, 589, 64.27

WEIGHTS, 97.66,55.58
DUTY, 91
ANGLE, -618, -1757, 405, -1565, -206, 18.92

WEIGHTS, 109.51,79.74
DUTY, 84
ANGLE, -3818, -2120, 6269, 447, -829, 29.98

WEIGHTS, 98.58,112.64
DUTY, 83
ANGLE, -7169, -2731, -2180, -292, -489, 64.01

WEIGHTS, 82.81,86.80
DUTY, 95
ANGLE, 404, -2823, -478, 958, -365, -8.03

WEIGHTS, 62.16,116.19
DUTY, 88
ANGLE, 970, 1083, -48, 13, 143, -41.82

WEIGHTS, 43.59,113.55
DUTY, 96
ANGLE, 10444, -19666, -32764, -6657, 1241, -15.29

WEIGHTS, 60.26,107.05
DUTY, 96
ANGLE, 3108, -1269, 4862, -326, 707, -31.74

WEIGHTS, 61.48,105.56
DUTY, 96
ANGLE, -6102, 26, 8298, 375, 77, 36.33

WEIGHTS, 77.32,83.21
DUTY, 92
ANGLE, 479, 603, 10783, 790, 444, -2.54

WEIGHTS, 80.78,88.57
DUTY, 87
ANGLE, 5063, 2089, 3142, 200, 734, -53.31

WEIGHTS, 82.81,75.16
DUTY, 90
ANGLE, 3598, 3030, 3709, 369, 479, -36.92

WEIGHTS, 88.82,85.06
DUTY, 85
ANGLE, -1637, 459, 5612, -801, 264, 16.21

WEIGHTS, 83.34,84.12
DUTY, 83
ANGLE, -574, 3958, 4033, -651, 545, 5.80

WEIGHTS, 75.64,103.21
DUTY, 83
ANGLE, 879, 2954, 1145, 714, 352, -15.51

WEIGHTS, 67.99,102.19
DUTY, 92
ANGLE, 1429, 1991, 2738, 367, 352, -22.89

WEIGHTS, 62.62,118.99
DUTY, 95
ANGLE, 135, 108, -1263, -709, 580, -6.08

WEIGHTS, 51.74,102.69
DUTY, 99
ANGLE, 1725, -3065, 6088, -387, 914, -14.20

WEIGHTS, 73.02,79.35
DUTY, 91
ANGLE, -3140, -1942, 3818, -357, 669, 36.24

WEIGHTS, 88.84,73.05
DUTY, 90
ANGLE, -39, -2130, 7633, -380, 478, 0.28

WEIGHTS, 92.89,87.76
DUTY, 84
ANGLE, -900, 637, -4368, 508, -196, 11.52

WEIGHTS, 79.94,84.59
DUTY, 82
ANGLE, -1513, -2365, -2122, 860, -265, 25.46

WEIGHTS, 81.20,114.07
DUTY, 87
ANGLE, 2191, 2306, 4319, 141, 293, -24.11

WEIGHTS, 63.07,129.10
DUTY, 94
ANGLE, 1120, 733, 57, 131, 561, -56.72

WEIGHTS, 42.32,120.01
DUTY, 89
ANGLE, 2501, -460, -2059, 313, 1235, -49.85

WEIGHTS, 48.49,94.70
DUTY, 89
ANGLE, -13, 1142, -900, -1434, 343, 0.51

WEIGHTS, 71.45,87.18
DUTY, 90
ANGLE, 2350, 435, 2343, -333, 158, -44.60

WEIGHTS, 69.68,111.89
DUTY, 90
ANGLE, -606, -1912, -1726, -334, 242, 13.24

WEIGHTS, 58.24,104.63
DUTY, 95
ANGLE, 1294, 382, -5045, 50, 168, -14.35

WEIGHTS, 64.73,102.33
DUTY, 93
ANGLE, 1482, -2518, -7073, 735, 386, -11.17

