WEIGHTS, -10.00,10.01
DUTY, 82
ANGLE, -62, -55, 1366, 12, 316, 2.60

WEIGHTS, -9.99,10.01
DUTY, 82
ANGLE, -68, -51, 1380, 5, 299, 2.82

WEIGHTS, -9.99,10.02
DUTY, 82
ANGLE, -56, -67, 1359, 6, 303, 2.36

WEIGHTS, -9.99,10.01
DUTY, 82
ANGLE, -66, -53, 1384, 15, 297, 2.73

WEIGHTS, -9.98,10.01
DUTY, 82
ANGLE, -62, -64, 1372, 12, 302, 2.58

WEIGHTS, -9.98,10.02
DUTY, 82
ANGLE, -52, -60, 1377, -2, 310, 2.16

WEIGHTS, -9.98,10.02
DUTY, 82
ANGLE, -60, -68, 1371, 4, 303, 2.50

WEIGHTS, -9.98,10.02
DUTY, 82
ANGLE, -64, -50, 1369, 13, 307, 2.67

WEIGHTS, -9.98,10.02
DUTY, 82
ANGLE, -72, -62, 1374, -8, 308, 3.00

WEIGHTS, -9.98,10.01
DUTY, 82
ANGLE, -54, -58, 1378, 13, 309, 2.24

WEIGHTS, -9.97,10.01
DUTY, 82
ANGLE, -67, -61, 1367, -2, 311, 2.80

WEIGHTS, -9.98,10.02
DUTY, 82
ANGLE, -65, -54, 1396, 8, 306, 2.66

WEIGHTS, -9.97,10.01
DUTY, 82
ANGLE, -58, -70, 1376, 25, 308, 2.41

WEIGHTS, -9.98,10.01
DUTY, 82
ANGLE, -55, -60, 1373, 17, 303, 2.29

WEIGHTS, -9.98,10.02
DUTY, 82
ANGLE, -64, -58, 1378, 9, 298, 2.66

WEIGHTS, -9.98,10.02
DUTY, 82
ANGLE, -63, -56, 1366, 6, 309, 2.64

WEIGHTS, -9.97,10.01
DUTY, 82
ANGLE, -59, -47, 1368, 7, 329, 2.47

WEIGHTS, -9.98,10.01
DUTY, 82
ANGLE, -69, -61, 1369, 4, 313, 2.88

WEIGHTS, -9.97,10.01
DUTY, 82
ANGLE, -63, -63, 1372, 9, 301, 2.63

WEIGHTS, -9.97,10.02
DUTY, 82
ANGLE, -61, -52, 1383, 12, 298, 2.52

WEIGHTS, -9.97,10.02
DUTY, 82
ANGLE, -65, -55, 1374, 22, 300, 2.71

WEIGHTS, -9.97,10.01
DUTY, 82
ANGLE, -47, -50, 1370, 6, 309, 1.96

WEIGHTS, -9.97,10.01
DUTY, 82
ANGLE, -64, -66, 1371, 13, 295, 2.67

WEIGHTS, -9.97,10.02
DUTY, 82
ANGLE, -60, -53, 1387, 9, 300, 2.48

WEIGHTS, -9.97,10.01
DUTY, 82
ANGLE, -56, -61, 1371, 10, 307, 2.34

WEIGHTS, -9.97,10.02
DUTY, 82
ANGLE, -69, -55, 1365, 16, 311, 2.89

WEIGHTS, -9.97,10.01
DUTY, 82
ANGLE, -54, -59, 1390, 17, 298, 2.22

WEIGHTS, -9.97,10.02
DUTY, 82
ANGLE, -63, -58, 1374, 9, 311, 2.62

WEIGHTS, -9.97,10.02
DUTY, 82
ANGLE, -71, -57, 1372, 11, 306, 2.96

WEIGHTS, -9.97,10.02
DUTY, 82
ANGLE, -57, -55, 1377, 16, 312, 2.37

WEIGHTS, -9.98,10.02
DUTY, 82
ANGLE, -75, -57, 1367, 19, 307, 3.14

WEIGHTS, -9.97,10.02
DUTY, 82
ANGLE, -61, -57, 1377, 2, 306, 2.53

WEIGHTS, -9.96,10.02
DUTY, 82
ANGLE, -57, -76, 1363, 0, 321, 2.39

WEIGHTS, -9.97,10.02
DUTY, 82
ANGLE, -57, -55, 1387, 22, 293, 2.35

WEIGHTS, -9.97,10.02
DUTY, 82
ANGLE, -60, -48, 1378, 10, 292, 2.49

WEIGHTS, -9.97,10.02
DUTY, 82
ANGLE, -50, -50, 1374, 9, 306, 2.08

WEIGHTS, -9.97,10.02
DUTY, 82
ANGLE, -59, -65, 1374, 19, 304, 2.46

WEIGHTS, -9.98,10.02
DUTY, 82
ANGLE, -57, -63, 1375, 14, 308, 2.37

WEIGHTS, -9.99,10.02
DUTY, 82
ANGLE, -63, -61, 1368, 13, 308, 2.63

WEIGHTS, -9.99,10.02
DUTY, 82
ANGLE, -63, -54, 1378, 12, 311, 2.62

WEIGHTS, -9.98,10.02
DUTY, 82
ANGLE, -59, -57, 1374, -3, 301, 2.46

WEIGHTS, -9.98,10.02
DUTY, 82
ANGLE, -53, -55, 1373, 18, 294, 2.21

WEIGHTS, -9.98,10.02
DUTY, 82
ANGLE, -64, -62, 1377, 10, 307, 2.66

WEIGHTS, -9.97,10.02
DUTY, 82
ANGLE, -57, -56, 1375, 6, 320, 2.37

WEIGHTS, -9.98,10.03
DUTY, 82
ANGLE, -62, -47, 1374, 16, 306, 2.58

WEIGHTS, -9.98,10.03
DUTY, 82
ANGLE, -59, -59, 1376, 24, 307, 2.45

WEIGHTS, -9.97,10.03
DUTY, 82
ANGLE, -57, -62, 1375, 2, 302, 2.37

WEIGHTS, -9.97,10.02
DUTY, 82
ANGLE, -60, -62, 1376, 18, 309, 2.49

WEIGHTS, -9.97,10.03
DUTY, 82
ANGLE, -63, -61, 1359, 2, 306, 2.65

WEIGHTS, -9.96,10.02
DUTY, 82
ANGLE, -55, -54, 1378, 10, 305, 2.28

WEIGHTS, -9.96,10.03
DUTY, 82
ANGLE, -44, -64, 1364, 6, 304, 1.85

WEIGHTS, -9.97,10.04
DUTY, 82
ANGLE, -81, -52, 1377, 15, 315, 3.36

WEIGHTS, -9.97,10.03
DUTY, 82
ANGLE, -85, -51, 1383, 9, 289, 3.51

WEIGHTS, -9.97,10.04
DUTY, 82
ANGLE, -42, -68, 1352, 14, 300, 1.78

WEIGHTS, -9.98,10.04
DUTY, 82
ANGLE, -68, -51, 1381, -4, 317, 2.82

WEIGHTS, -9.97,10.04
DUTY, 82
ANGLE, -56, -58, 1374, 11, 313, 2.33

WEIGHTS, -9.97,10.04
DUTY, 82
ANGLE, -59, -58, 1366, 5, 308, 2.47

WEIGHTS, -9.98,10.04
DUTY, 82
ANGLE, -59, -50, 1367, 18, 309, 2.47

WEIGHTS, -9.97,10.04
DUTY, 82
ANGLE, -66, -52, 1377, 13, 317, 2.74

WEIGHTS, -9.97,10.03
DUTY, 82
ANGLE, -46, -65, 1373, 13, 307, 1.92

WEIGHTS, -9.97,10.04
DUTY, 82
ANGLE, -62, -59, 1372, 7, 310, 2.59

WEIGHTS, -9.96,10.05
DUTY, 82
ANGLE, -63, -57, 1381, 2, 305, 2.61

WEIGHTS, -9.96,10.04
DUTY, 82
ANGLE, -62, -58, 1379, 17, 307, 2.57

WEIGHTS, -9.96,10.03
DUTY, 82
ANGLE, -57, -53, 1373, 9, 303, 2.38

WEIGHTS, -9.97,10.04
DUTY, 82
ANGLE, -63, -60, 1375, -9, 307, 2.62

WEIGHTS, -9.97,10.04
DUTY, 82
ANGLE, -65, -53, 1380, 11, 312, 2.69

WEIGHTS, -9.95,10.04
DUTY, 82
ANGLE, -56, -55, 1364, 10, 317, 2.35

WEIGHTS, -9.96,10.05
DUTY, 82
ANGLE, -56, -58, 1385, 9, 313, 2.31

WEIGHTS, -9.96,10.04
DUTY, 82
ANGLE, -55, -57, 1378, 15, 295, 2.28

WEIGHTS, -9.96,10.04
DUTY, 82
ANGLE, -50, -55, 1372, 23, 289, 2.09

WEIGHTS, -9.96,10.04
DUTY, 82
ANGLE, -61, -50, 1381, 19, 314, 2.53

WEIGHTS, -9.96,10.04
DUTY, 82
ANGLE, -62, -60, 1381, 17, 307, 2.57

WEIGHTS, -9.97,10.03
DUTY, 82
ANGLE, -68, -66, 1380, 16, 303, 2.82

WEIGHTS, -9.97,10.04
DUTY, 82
ANGLE, -62, -60, 1366, 9, 309, 2.60

WEIGHTS, -9.97,10.04
DUTY, 82
ANGLE, -69, -58, 1372, 3, 301, 2.88

WEIGHTS, -9.98,10.03
DUTY, 82
ANGLE, -65, -50, 1363, 6, 308, 2.73

WEIGHTS, -9.97,10.04
DUTY, 82
ANGLE, -66, -54, 1370, 6, 314, 2.76

WEIGHTS, -9.97,10.04
DUTY, 82
ANGLE, -54, -63, 1365, 6, 303, 2.26

WEIGHTS, -9.97,10.04
DUTY, 82
ANGLE, -56, -54, 1377, 18, 302, 2.33

WEIGHTS, -9.96,10.05
DUTY, 82
ANGLE, -47, -54, 1380, 17, 294, 1.95

WEIGHTS, -9.97,10.04
DUTY, 82
ANGLE, -57, -52, 1368, 17, 309, 2.38

WEIGHTS, -9.97,10.04
DUTY, 82
ANGLE, -59, -64, 1365, 12, 303, 2.47

WEIGHTS, -9.96,10.04
DUTY, 82
ANGLE, -67, -61, 1373, 2, 300, 2.79

WEIGHTS, -9.97,10.04
DUTY, 82
ANGLE, -72, -62, 1376, 10, 310, 2.99

WEIGHTS, -9.97,10.04
DUTY, 82
ANGLE, -50, -50, 1376, 15, 285, 2.08

WEIGHTS, -9.96,10.03
DUTY, 82
ANGLE, -56, -54, 1366, 6, 305, 2.35

WEIGHTS, -9.96,10.03
DUTY, 82
ANGLE, -68, -53, 1370, 4, 298, 2.84

WEIGHTS, -9.96,10.03
DUTY, 82
ANGLE, -50, -58, 1379, 21, 317, 2.07

WEIGHTS, -9.96,10.03
DUTY, 82
ANGLE, -57, -60, 1374, 14, 294, 2.37

WEIGHTS, -9.96,10.03
DUTY, 82
ANGLE, -59, -61, 1379, 19, 303, 2.45

WEIGHTS, -9.96,10.03
DUTY, 82
ANGLE, -55, -56, 1370, -4, 302, 2.30

WEIGHTS, -9.96,10.03
DUTY, 82
ANGLE, -62, -62, 1388, 8, 307, 2.56

WEIGHTS, -9.97,10.03
DUTY, 82
ANGLE, -65, -56, 1377, 15, 314, 2.70

WEIGHTS, -9.96,10.03
DUTY, 82
ANGLE, -66, -57, 1371, 24, 306, 2.75

WEIGHTS, -9.96,10.04
DUTY, 82
ANGLE, -64, -43, 1372, 30, 309, 2.67

WEIGHTS, -9.95,10.04
DUTY, 82
ANGLE, -56, -39, 1376, 11, 315, 2.33

WEIGHTS, -9.94,10.04
DUTY, 82
ANGLE, -53, -63, 1363, 21, 308, 2.22

WEIGHTS, -9.95,10.04
DUTY, 82
ANGLE, -55, -59, 1375, 4, 311, 2.29

WEIGHTS, -9.95,10.04
DUTY, 82
ANGLE, -53, -53, 1367, 18, 309, 2.22

WEIGHTS, -9.96,10.04
DUTY, 82
ANGLE, -57, -55, 1381, 20, 307, 2.36

WEIGHTS, -9.98,10.05
DUTY, 82
ANGLE, -66, -57, 1377, 10, 311, 2.74

WEIGHTS, -9.98,10.06
DUTY, 82
ANGLE, -49, -65, 1372, 251, 303, 2.04

WEIGHTS, -9.99,10.06
DUTY, 82
ANGLE, -58, -72, 1377, 19, 308, 2.41

WEIGHTS, -9.99,10.06
DUTY, 82
ANGLE, -56, -54, 1362, 18, 315, 2.35

WEIGHTS, -9.98,10.05
DUTY, 82
ANGLE, -39, -67, 1395, 15, 325, 1.60

WEIGHTS, -9.97,10.06
DUTY, 82
ANGLE, -81, -53, 1381, 32, 309, 3.35

WEIGHTS, -10.00,10.06
DUTY, 82
ANGLE, -32, -76, 1374, 12, 327, 1.33

WEIGHTS, -10.02,10.05
DUTY, 82
ANGLE, -66, -45, 1390, 3, 310, 2.72

WEIGHTS, -9.99,10.05
DUTY, 82
ANGLE, -61, -53, 1359, 8, 299, 2.57

WEIGHTS, -9.98,10.05
DUTY, 82
ANGLE, -75, -61, 1368, 8, 308, 3.13

WEIGHTS, -10.00,10.06
DUTY, 82
ANGLE, -45, -43, 1381, 6, 316, 1.87

WEIGHTS, -10.00,10.06
DUTY, 82
ANGLE, -64, -63, 1387, 5, 307, 2.64

WEIGHTS, -10.00,10.05
DUTY, 82
ANGLE, -48, -57, 1370, 6, 304, 2.00

WEIGHTS, -10.00,10.05
DUTY, 82
ANGLE, -73, -62, 1392, 3, 304, 3.00

WEIGHTS, -10.01,10.06
DUTY, 82
ANGLE, -79, 10, 1473, -9, 290, 3.07

WEIGHTS, -10.01,10.07
DUTY, 82
ANGLE, -92, -74, 1357, -26, 293, 3.87

WEIGHTS, -10.02,10.07
DUTY, 82
ANGLE, -109, -32, 1373, 19, 317, 4.54

WEIGHTS, -9.95,10.07
DUTY, 82
ANGLE, -61, -59, 1373, 11, 305, 2.54

WEIGHTS, -10.00,10.07
DUTY, 82
ANGLE, -67, -66, 1387, 14, 309, 2.76

WEIGHTS, -10.00,10.08
DUTY, 82
ANGLE, -61, -54, 1377, 13, 302, 2.53

WEIGHTS, -10.01,10.07
DUTY, 82
ANGLE, -54, -74, 1382, 4, 300, 2.23

WEIGHTS, -10.02,10.07
DUTY, 82
ANGLE, -67, -60, 1371, 14, 295, 2.80

WEIGHTS, -10.02,10.07
DUTY, 82
ANGLE, -50, -61, 1377, 16, 311, 2.08

WEIGHTS, -10.01,10.08
DUTY, 82
ANGLE, -65, -57, 1369, 12, 312, 2.72

WEIGHTS, -10.01,10.07
DUTY, 82
ANGLE, -65, -58, 1374, 13, 314, 2.71

WEIGHTS, -10.02,10.07
DUTY, 82
ANGLE, -56, -66, 1379, 2, 308, 2.32

WEIGHTS, -10.02,10.07
DUTY, 82
ANGLE, -60, -67, 1365, 12, 303, 2.51

WEIGHTS, -10.02,10.06
DUTY, 82
ANGLE, -59, -64, 1371, 9, 312, 2.46

WEIGHTS, -10.02,10.06
DUTY, 82
ANGLE, -70, -49, 1372, 7, 310, 2.92

WEIGHTS, -10.03,10.06
DUTY, 82
ANGLE, -60, -55, 1372, -1, 306, 2.50

WEIGHTS, -10.02,10.06
DUTY, 82
ANGLE, -60, -51, 1374, 20, 308, 2.50

WEIGHTS, -10.02,10.05
DUTY, 82
ANGLE, -62, -48, 1368, 24, 312, 2.59

WEIGHTS, -10.01,10.06
DUTY, 82
ANGLE, -55, -51, 1369, 11, 295, 2.30

WEIGHTS, -10.01,10.05
DUTY, 82
ANGLE, -54, -56, 1377, 11, 299, 2.24

WEIGHTS, -10.02,10.06
DUTY, 82
ANGLE, -63, -65, 1365, 16, 310, 2.64

WEIGHTS, -10.02,10.06
DUTY, 82
ANGLE, -56, -58, 1378, 17, 301, 2.33

WEIGHTS, -10.02,10.06
DUTY, 82
ANGLE, -68, -60, 1371, 6, 307, 2.84

WEIGHTS, -10.03,10.06
DUTY, 82
ANGLE, -49, -58, 1376, 4, 310, 2.04

WEIGHTS, -10.03,10.06
DUTY, 82
ANGLE, -52, -58, 1381, 16, 303, 2.15

WEIGHTS, -10.03,10.06
DUTY, 82
ANGLE, -64, -54, 1383, 16, 307, 2.65

WEIGHTS, -10.03,10.06
DUTY, 82
ANGLE, -61, -47, 1368, 12, 315, 2.55

WEIGHTS, -10.04,10.06
DUTY, 82
ANGLE, -59, -59, 1377, 26, 312, 2.45

WEIGHTS, -10.03,10.06
DUTY, 82
ANGLE, -64, -42, 1361, 18, 298, 2.69

WEIGHTS, -10.03,10.06
DUTY, 82
ANGLE, -61, -70, 1378, 13, 314, 2.53

WEIGHTS, -10.03,10.06
DUTY, 82
ANGLE, -57, -66, 1363, 18, 301, 2.39

WEIGHTS, -10.03,10.06
DUTY, 82
ANGLE, -67, -57, 1362, 17, 313, 2.81

WEIGHTS, -10.03,10.06
DUTY, 82
ANGLE, -57, -56, 1380, 18, 329, 2.36

WEIGHTS, -10.04,10.06
DUTY, 82
ANGLE, -55, -57, 1385, 19, 315, 2.27

WEIGHTS, -10.04,10.06
DUTY, 82
ANGLE, -62, -61, 1368, 10, 300, 2.59

WEIGHTS, -10.03,10.06
DUTY, 82
ANGLE, -71, -60, 1377, 12, 304, 2.95

WEIGHTS, -10.03,10.06
DUTY, 82
ANGLE, -60, -61, 1384, 5, 299, 2.48

WEIGHTS, -10.03,10.07
DUTY, 82
ANGLE, -70, -62, 1373, -1, 306, 2.92

WEIGHTS, -10.04,10.06
DUTY, 82
ANGLE, -70, -67, 1380, 7, 312, 2.90

WEIGHTS, -10.03,10.06
DUTY, 82
ANGLE, -67, -51, 1379, 17, 312, 2.78

WEIGHTS, -10.03,10.06
DUTY, 82
ANGLE, -57, -62, 1379, 7, 310, 2.36

WEIGHTS, -10.03,10.07
DUTY, 82
ANGLE, -67, -48, 1370, 28, 317, 2.80

WEIGHTS, -10.02,10.06
DUTY, 82
ANGLE, -81, -76, 1454, -18, 301, 3.18

WEIGHTS, -10.03,10.07
DUTY, 82
ANGLE, -59, -62, 1354, 17, 316, 2.49

WEIGHTS, -10.02,10.06
DUTY, 82
ANGLE, -56, -59, 1377, 6, 307, 2.33

WEIGHTS, -10.04,10.08
DUTY, 82
ANGLE, -67, -69, 1367, 12, 302, 2.80

WEIGHTS, -10.02,10.08
DUTY, 82
ANGLE, -66, -31, 1426, -14, 266, 2.65

WEIGHTS, -6.53,10.27
DUTY, 82
ANGLE, -35, -38, 1356, 1, 308, 1.48

WEIGHTS, -4.83,10.24
DUTY, 82
ANGLE, -63, -69, 1399, 75, 309, 2.58

WEIGHTS, -0.42,10.27
DUTY, 82
ANGLE, -87, -77, 1415, 367, 326, 3.51

WEIGHTS, 13.58,11.19
DUTY, 89
ANGLE, -121, 14, 1419, -61, 323, 4.87

WEIGHTS, 83.61,12.59
DUTY, 82
ANGLE, -223, -79, 1431, 108, 280, 8.84

WEIGHTS, 103.65,26.74
DUTY, 82
ANGLE, -30, 7, 1231, -338, 309, 1.40

WEIGHTS, 138.42,47.40
DUTY, 82
ANGLE, 200, -79, 1370, 176, 301, -8.29

WEIGHTS, 126.37,63.78
DUTY, 76
ANGLE, -108, -162, 1360, -111, 230, 4.51

WEIGHTS, 98.95,76.68
DUTY, 75
ANGLE, -198, -322, 1148, 48, 241, 9.43

WEIGHTS, 90.86,68.36
DUTY, 74
ANGLE, 269, -123, 1362, -69, 257, -11.13

WEIGHTS, 107.74,82.80
DUTY, 73
ANGLE, 23, 223, 1621, 205, 179, -0.81

WEIGHTS, 81.77,84.14
DUTY, 82
ANGLE, 56, -266, 1567, 162, 47, -2.02

WEIGHTS, 98.05,80.21
DUTY, 82
ANGLE, 169, -699, 1052, 105, -39, -7.62

WEIGHTS, 100.22,74.00
DUTY, 72
ANGLE, 90, -399, 1371, 76, -27, -3.61

WEIGHTS, 110.36,70.17
DUTY, 72
ANGLE, -79, 180, 711, -202, -102, 6.15

WEIGHTS, 99.85,52.35
DUTY, 71
ANGLE, 623, -32, 1161, 65, -118, -28.21

WEIGHTS, 125.80,52.98
DUTY, 70
ANGLE, 110, -429, 857, -237, 351, -6.55

WEIGHTS, 111.73,54.59
DUTY, 70
ANGLE, 109, -147, 1713, -121, 58, -3.63

WEIGHTS, 114.98,55.25
DUTY, 69
ANGLE, -1064, -873, 2331, -424, -120, 23.14

WEIGHTS, 114.80,56.54
DUTY, 68
ANGLE, 389, -321, 1980, -268, 129, -10.98

WEIGHTS, 111.73,50.93
DUTY, 68
ANGLE, -435, 868, 1980, -62, -5, 11.38

WEIGHTS, 122.50,52.08
DUTY, 68
ANGLE, -260, 29, 252, 467, -153, 45.71

WEIGHTS, 124.73,48.16
DUTY, 64
ANGLE, 267, 1049, 1847, 142, 206, -7.16

WEIGHTS, 123.05,43.10
DUTY, 63
ANGLE, 681, -129, 1053, -300, 118, -32.70

WEIGHTS, 127.83,47.02
DUTY, 63
ANGLE, -434, -863, 1396, -474, 289, 14.81

WEIGHTS, 117.22,45.12
DUTY, 64
ANGLE, 613, -1123, -1080, -335, 525, -21.48

WEIGHTS, 118.20,49.49
DUTY, 64
ANGLE, -649, -2196, 190, 314, 370, 16.41

WEIGHTS, 115.28,68.22
DUTY, 64
ANGLE, -488, -302, 2619, -239, 311, 10.49

WEIGHTS, 92.61,87.53
DUTY, 70
ANGLE, 1360, -1121, 221, -136, 161, -49.97

WEIGHTS, 73.65,73.45
DUTY, 66
ANGLE, -350, -415, 2454, -46, -25, 8.00

WEIGHTS, 98.24,55.55
DUTY, 68
ANGLE, -2203, 167, -3222, 998, -446, 34.33

WEIGHTS, 122.69,57.95
DUTY, 65
ANGLE, 71, 1853, 849, 2259, 1581, -2.00

WEIGHTS, 104.43,61.96
DUTY, 67
ANGLE, -465, 1200, 3477, -150, 267, 7.21

WEIGHTS, 97.97,56.42
DUTY, 67
ANGLE, -855, -330, 2653, 129, 170, 17.73

WEIGHTS, 115.92,61.52
DUTY, 65
ANGLE, 934, -1026, 354, -225, -1, -40.71

WEIGHTS, 107.76,69.22
DUTY, 68
ANGLE, 132, 1314, 2404, -566, -70, -2.76

WEIGHTS, 99.03,82.29
DUTY, 69
ANGLE, -742, -235, 3235, -756, 496, 12.89

WEIGHTS, 81.85,80.41
DUTY, 70
ANGLE, -1414, 2010, 3229, 241, 291, 20.39

WEIGHTS, 110.99,42.85
DUTY, 67
ANGLE, -439, -479, -1297, 516, -220, 17.62

WEIGHTS, 112.35,59.50
DUTY, 65
ANGLE, -1008, -41, 106, 695, 1267, 83.57

WEIGHTS, 101.73,52.74
DUTY, 67
ANGLE, 2003, 2906, 2738, -46, 986, -26.64

WEIGHTS, 116.67,68.21
DUTY, 65
ANGLE, 317, 2311, -194, 334, 565, -7.78

WEIGHTS, 79.66,78.53
DUTY, 69
ANGLE, -327, 1304, 2200, 45, 237, 7.29

WEIGHTS, 95.37,58.54
DUTY, 71
ANGLE, 952, 799, -2371, 382, 917, -20.83

WEIGHTS, 108.02,55.48
DUTY, 65
ANGLE, 2450, 57, 4902, 307, 619, -26.55

WEIGHTS, 116.01,43.69
DUTY, 66
ANGLE, 614, 331, 1130, -305, 635, -27.54

WEIGHTS, 109.86,56.30
DUTY, 63
ANGLE, -1835, 339, 5647, 522, 805, 17.97

WEIGHTS, 110.34,66.99
DUTY, 67
ANGLE, -312, -1483, 281, 2618, 14, 11.68

WEIGHTS, 86.63,73.02
DUTY, 69
ANGLE, -582, -604, -921, 304, -239, 27.85

WEIGHTS, 104.46,74.09
DUTY, 70
ANGLE, -2239, -239, 2922, 250, 713, 37.37

WEIGHTS, 94.86,67.57
DUTY, 69
ANGLE, -1787, -1654, -2869, 1, -571, 28.35

WEIGHTS, 106.55,42.01
DUTY, 67
ANGLE, -2663, -192, 7112, -415, 462, 20.52

WEIGHTS, 120.01,42.89
DUTY, 64
ANGLE, 543, 562, 675, 754, 318, -31.73

WEIGHTS, 132.05,50.43
DUTY, 62
ANGLE, -973, 1344, 666, 254, 183, 32.97

WEIGHTS, 101.22,86.34
DUTY, 67
ANGLE, -277, -1497, -1448, -666, -377, 7.58

WEIGHTS, 78.95,101.32
DUTY, 66
ANGLE, 1525, 667, 176, -509, 282, -65.66

WEIGHTS, 59.98,79.23
DUTY, 66
ANGLE, -1046, 357, 3210, -291, 411, 17.95

WEIGHTS, 94.22,63.06
DUTY, 72
ANGLE, 581, -10, -2922, 936, 495, -11.25

WEIGHTS, 102.07,65.94
DUTY, 68
ANGLE, 1459, -86, -89, -708, 656, -85.15

WEIGHTS, 96.06,46.80
DUTY, 67
ANGLE, 377, -1476, 2210, 1632, 945, -8.07

WEIGHTS, 123.55,41.60
DUTY, 62
ANGLE, -1412, 520, 1962, -791, 298, 34.82

WEIGHTS, 114.64,52.21
DUTY, 63
ANGLE, -2276, 1087, 6541, -803, -223, 18.94

WEIGHTS, 108.21,73.47
DUTY, 67
ANGLE, -1113, 1569, 503, 180, 62, 34.04

WEIGHTS, 75.70,97.48
DUTY, 71
ANGLE, -1167, 364, 522, 259, -143, 61.40

WEIGHTS, 64.33,79.30
DUTY, 71
ANGLE, -879, 119, 1426, -401, 163, 31.56

WEIGHTS, 112.18,55.36
DUTY, 68
ANGLE, 162, -889, -3629, 794, 347, -2.48

WEIGHTS, 105.86,49.73
DUTY, 65
ANGLE, 277, 674, -160, -48, 180, -21.79

WEIGHTS, 119.07,45.58
DUTY, 64
ANGLE, -1600, -1413, 8504, -797, 519, 10.51

WEIGHTS, 115.35,46.83
DUTY, 64
ANGLE, 2102, -4898, 409, 894, 174, -23.15

WEIGHTS, 112.14,73.47
DUTY, 66
ANGLE, 870, 117, 1399, -707, -4, -31.79

WEIGHTS, 78.60,101.68
DUTY, 71
ANGLE, -518, -309, -21, -200, 567, 59.12

WEIGHTS, 61.09,77.91
DUTY, 71
ANGLE, 1738, -481, 2302, -590, 0, -36.47

WEIGHTS, 89.45,55.98
DUTY, 72
ANGLE, -701, -1087, -662, 218, 630, 28.85

WEIGHTS, 108.87,37.90
DUTY, 64
ANGLE, 2354, -1381, -953, 721, 134, -54.52

WEIGHTS, 133.22,39.24
DUTY, 62
ANGLE, -781, -959, 3117, -431, 1477, 13.47

WEIGHTS, 112.70,49.14
DUTY, 63
ANGLE, -727, -286, 1354, 139, 239, 27.71

WEIGHTS, 113.16,76.87
DUTY, 66
ANGLE, -804, 1197, -298, -664, 307, 33.10

WEIGHTS, 82.63,94.12
DUTY, 70
ANGLE, 1650, 298, 486, -1404, 168, -70.94

WEIGHTS, 68.06,85.06
DUTY, 71
ANGLE, 2682, 293, -585, 530, -348, -76.29

WEIGHTS, 80.31,70.31
DUTY, 72
ANGLE, -1164, -182, 767, -391, 618, 55.89

WEIGHTS, 109.65,50.85
DUTY, 68
ANGLE, -466, 426, -3815, 582, 228, 6.92

WEIGHTS, 113.90,44.28
DUTY, 65
ANGLE, 1594, 845, -795, 1379, 411, -53.95

WEIGHTS, 126.63,39.48
DUTY, 62
ANGLE, -835, 227, -751, -140, 328, 46.78

WEIGHTS, 126.99,42.10
DUTY, 62
ANGLE, -1449, -112, 1591, -144, 123, 42.26

WEIGHTS, 118.43,81.62
DUTY, 65
ANGLE, 123, 193, 1528, 251, 22, -4.57

WEIGHTS, 55.29,124.55
DUTY, 65
ANGLE, 438, 769, 2407, 556, 428, -9.83

WEIGHTS, 39.29,106.20
DUTY, 73
ANGLE, -145, -611, 3320, -886, 180, 2.46

WEIGHTS, 86.61,76.63
DUTY, 76
ANGLE, 213, -726, 984, -598, 569, -9.88

WEIGHTS, 99.84,60.67
DUTY, 75
ANGLE, -1005, 2836, 1533, 257, 700, 17.31

WEIGHTS, 103.94,57.72
DUTY, 67
ANGLE, 233, -1192, 3916, 1441, 933, -3.26

WEIGHTS, 114.48,48.25
DUTY, 66
ANGLE, -2183, 190, 695, -38, 221, 71.73

WEIGHTS, 119.56,45.66
DUTY, 64
ANGLE, -308, 3465, 10480, -1102, 1327, 1.60

WEIGHTS, 121.98,44.59
DUTY, 63
ANGLE, -488, -779, -1896, 1187, 26, 13.39

WEIGHTS, 119.78,45.87
DUTY, 62
ANGLE, 1937, -1651, 525, 324, 215, -48.19

WEIGHTS, 123.96,71.36
DUTY, 65
ANGLE, -950, 327, 6859, -93, 36, 7.88

WEIGHTS, 80.81,110.70
DUTY, 70
ANGLE, -1498, -879, 3758, -1492, -152, 21.21

WEIGHTS, 53.92,99.97
DUTY, 72
ANGLE, -28, 587, 1405, 281, 20, 1.05

WEIGHTS, 77.57,75.81
DUTY, 74
ANGLE, -204, -263, 697, -488, 562, 15.31

WEIGHTS, 99.42,64.69
DUTY, 74
ANGLE, 238, -333, 5364, 179, 566, -2.54

WEIGHTS, 100.87,47.62
DUTY, 68
ANGLE, 243, 297, -2489, -741, -355, -5.54

WEIGHTS, 119.18,41.50
DUTY, 64
ANGLE, -2256, 3959, -332, -1415, -423, 29.59

WEIGHTS, 133.08,41.01
DUTY, 62
ANGLE, -4655, 1804, 1022, 5, -75, 65.99

WEIGHTS, 129.13,54.87
DUTY, 62
ANGLE, -2685, 2652, 4037, -1074, 2076, 29.07

WEIGHTS, 108.44,77.81
DUTY, 67
ANGLE, -1393, -633, 3563, -366, 213, 21.05

WEIGHTS, 84.80,95.97
DUTY, 66
ANGLE, -1801, 621, -3569, -155, -320, 26.43

WEIGHTS, 72.10,78.60
DUTY, 72
ANGLE, 1290, -302, -1453, 438, 687, -41.00

WEIGHTS, 114.97,54.94
DUTY, 73
ANGLE, -1796, -3704, 945, 577, 528, 25.17

WEIGHTS, 104.94,52.17
DUTY, 64
ANGLE, 1077, 1021, 1949, -255, -255, -26.08

WEIGHTS, 132.85,46.12
DUTY, 65
ANGLE, -598, -61, 695, -193, 697, 40.60

WEIGHTS, 123.38,44.09
DUTY, 63
ANGLE, 1289, -48, -342, 621, 564, -75.00

WEIGHTS, 125.25,53.56
DUTY, 62
ANGLE, 56, 486, -267, -45, 451, -5.77

WEIGHTS, 102.57,83.21
DUTY, 68
ANGLE, 238, -16, 2142, 50, 520, -6.34

WEIGHTS, 79.77,97.88
DUTY, 70
ANGLE, 264, 152, -318, -112, 912, -36.83

WEIGHTS, 63.39,86.76
DUTY, 71
ANGLE, 41, -192, 2083, -235, 807, -1.12

WEIGHTS, 110.16,61.12
DUTY, 72
ANGLE, 16, 228, 1122, 83, 926, -0.80

WEIGHTS, 107.96,72.72
DUTY, 67
ANGLE, -743, 316, 1858, -133, 1081, 21.52

WEIGHTS, 101.50,70.28
DUTY, 69
ANGLE, -187, -184, 1280, 174, 1181, 8.23

WEIGHTS, 106.10,60.57
DUTY, 68
ANGLE, 73, -602, 2724, -283, 171, -1.50

WEIGHTS, 105.87,64.02
DUTY, 67
ANGLE, -787, -538, 2555, 25, 572, 16.77

WEIGHTS, 107.57,54.75
DUTY, 66
ANGLE, 736, 168, 3233, 55, 221, -12.81

WEIGHTS, 118.41,60.24
DUTY, 66
ANGLE, 1310, 1491, 3593, -87, 369, -18.61

WEIGHTS, 107.19,60.17
DUTY, 67
ANGLE, -131, -738, -983, 151, -91, 6.08

WEIGHTS, 109.06,58.96
DUTY, 67
ANGLE, -66, 567, 61, -124, -311, 6.60

WEIGHTS, 113.71,61.60
DUTY, 66
ANGLE, 170, -80, -105, -258, -51, -52.17

WEIGHTS, 115.64,80.30
DUTY, 67
ANGLE, 258, 1250, 1422, 297, 318, -7.76

WEIGHTS, 85.69,99.34
DUTY, 70
ANGLE, 54, 370, 281, 165, 670, -6.63

WEIGHTS, 63.84,75.26
DUTY, 67
ANGLE, -136, 690, 1727, 147, 803, 4.18

WEIGHTS, 98.20,56.37
DUTY, 70
ANGLE, 27, 216, 3194, -213, 940, -0.48

WEIGHTS, 113.07,57.03
DUTY, 66
ANGLE, -1103, -1617, -2924, -716, 1185, 18.27

WEIGHTS, 117.41,62.00
DUTY, 66
ANGLE, -1537, -613, 3929, 25, 765, 21.13

WEIGHTS, 107.45,61.11
DUTY, 66
ANGLE, 1399, 67, 1893, 247, 671, -36.45

WEIGHTS, 105.47,61.77
DUTY, 67
ANGLE, 526, 663, 1656, 2, 658, -16.43

WEIGHTS, 109.45,58.79
DUTY, 67
ANGLE, -436, -441, 2232, -4, 537, 10.85

WEIGHTS, 107.75,66.99
DUTY, 67
ANGLE, -102, 342, 1648, -1, 356, 3.47

WEIGHTS, 97.70,78.78
DUTY, 68
ANGLE, 456, 1313, 276, -72, -303, -18.77

WEIGHTS, 80.31,79.96
DUTY, 70
ANGLE, -1005, -1313, 459, 127, -204, 35.85

WEIGHTS, 104.97,62.59
DUTY, 70
ANGLE, -433, 668, 369, -61, 381, 29.57

WEIGHTS, 101.79,61.69
DUTY, 67
ANGLE, 580, -604, 1958, 27, 688, -15.80

WEIGHTS, 110.19,48.75
DUTY, 67
ANGLE, -481, -169, 3196, 129, 428, 8.55

WEIGHTS, 128.89,43.06
DUTY, 63
ANGLE, 240, -643, 2767, -247, 418, -4.83

WEIGHTS, 119.78,62.72
DUTY, 64
ANGLE, 1037, -310, 1078, -402, -321, -42.75

WEIGHTS, 100.37,83.45
DUTY, 68
ANGLE, 1014, -1391, 1876, 219, -194, -23.47

WEIGHTS, 82.01,95.61
DUTY, 70
ANGLE, -433, -219, 305, -351, 124, 49.07

WEIGHTS, 76.67,85.51
DUTY, 67
ANGLE, 341, 266, 1707, -116, 445, -11.17

WEIGHTS, 82.47,63.74
DUTY, 71
ANGLE, -744, -324, 1346, -172, 546, 28.25

WEIGHTS, 109.97,62.60
DUTY, 67
ANGLE, -653, -357, 604, -497, 560, 42.94

WEIGHTS, 100.10,64.22
DUTY, 68
ANGLE, -743, -699, 2196, 145, 376, 17.87

WEIGHTS, 104.14,59.53
DUTY, 67
ANGLE, -603, 14, 1160, -226, 364, 27.46

WEIGHTS, 109.31,63.64
DUTY, 67
ANGLE, -36, -495, 1595, -29, 325, 1.23

WEIGHTS, 104.44,65.85
DUTY, 67
ANGLE, -796, 160, 2304, 2, 115, 19.02

WEIGHTS, 96.87,58.27
DUTY, 68
ANGLE, -56, -926, -380, -28, -95, 3.20

WEIGHTS, 115.05,58.62
DUTY, 66
ANGLE, 444, -513, -535, -247, -97, -30.92

WEIGHTS, 104.32,61.53
DUTY, 66
ANGLE, -189, 596, 1387, 204, 89, 7.14

WEIGHTS, 108.97,61.43
DUTY, 67
ANGLE, 855, 286, 1458, -217, 192, -29.92

WEIGHTS, 103.80,62.94
DUTY, 67
ANGLE, 167, 87, 3276, -117, 457, -2.92

WEIGHTS, 106.97,59.42
DUTY, 67
ANGLE, 176, -157, 1462, 4, 171, -6.83

WEIGHTS, 108.96,61.98
DUTY, 67
ANGLE, -1008, 936, -15, 4, 305, 47.12

WEIGHTS, 103.18,64.15
DUTY, 67
ANGLE, -73, -341, -679, 57, 584, 5.49

WEIGHTS, 106.95,59.02
DUTY, 67
ANGLE, -1259, 601, 1078, -321, 435, 45.57

WEIGHTS, 110.85,58.02
DUTY, 66
ANGLE, 56, 592, 833, -139, 366, -3.14

WEIGHTS, 106.05,66.31
DUTY, 67
ANGLE, 175, 67, 2175, 36, 371, -4.60

WEIGHTS, 99.44,86.73
DUTY, 69
ANGLE, -126, -667, 4259, -254, 474, 1.67

WEIGHTS, 75.27,71.71
DUTY, 67
ANGLE, 294, -15, 2221, -7, 484, -7.54

WEIGHTS, 107.40,53.09
DUTY, 69
ANGLE, 451, -78, -664, 142, 213, -34.00

WEIGHTS, 112.59,55.07
DUTY, 65
ANGLE, 180, 6, 1450, -76, 506, -7.08

WEIGHTS, 115.28,55.33
DUTY, 65
ANGLE, -481, 106, -2048, -25, 404, 13.20

WEIGHTS, 113.78,64.08
DUTY, 66
ANGLE, -400, -414, 1266, 236, 193, 16.72

WEIGHTS, 98.24,78.69
DUTY, 69
ANGLE, 2412, -2732, -63, 465, 1034, -41.43

WEIGHTS, 87.82,99.14
DUTY, 70
ANGLE, -693, 1729, 1388, -97, 434, 17.36

WEIGHTS, 69.20,75.79
DUTY, 67
ANGLE, -269, 853, -90, -136, 379, 17.41

WEIGHTS, 93.41,62.50
DUTY, 70
ANGLE, 931, -366, 690, -144, 295, -50.01

WEIGHTS, 104.31,67.36
DUTY, 67
ANGLE, -621, 382, -1104, -228, 165, 27.99

WEIGHTS, 102.80,65.70
DUTY, 68
ANGLE, -146, -53, 2293, -228, 318, 3.64

WEIGHTS, 100.25,67.64
DUTY, 68
ANGLE, -1460, 627, 146, 50, 248, 66.21

WEIGHTS, 99.02,68.86
DUTY, 69
ANGLE, -646, -304, 2480, 30, 366, 14.50

WEIGHTS, 100.28,69.55
DUTY, 69
ANGLE, 842, -266, -199, 42, 526, -68.47

WEIGHTS, 100.24,53.24
DUTY, 68
ANGLE, -482, -614, 3080, 278, 804, 8.73

WEIGHTS, 125.85,47.56
DUTY, 64
ANGLE, 41, -87, 4063, 170, 623, -0.58

WEIGHTS, 119.58,55.69
DUTY, 63
ANGLE, -950, 143, 2750, -213, 506, 19.03

WEIGHTS, 98.61,86.81
DUTY, 68
ANGLE, 4146, 367, -273, 480, 1146, -83.70

WEIGHTS, 74.70,99.08
DUTY, 66
ANGLE, -946, -518, 1672, 223, 72, 28.39

WEIGHTS, 74.26,93.05
DUTY, 72
ANGLE, 1212, -586, 1087, -309, 215, -44.46

WEIGHTS, 68.74,94.04
DUTY, 74
ANGLE, -619, -332, -1227, -309, 220, 25.96

WEIGHTS, 85.21,55.46
DUTY, 76
ANGLE, -468, -747, 407, 135, 191, 28.82

WEIGHTS, 120.20,51.87
DUTY, 65
ANGLE, -616, -204, 1736, 24, 304, 19.41

WEIGHTS, 112.20,55.17
DUTY, 65
ANGLE, -387, -1716, 8727, 70, 426, 2.49

WEIGHTS, 115.17,45.68
DUTY, 65
ANGLE, -13, -714, 3320, 270, 333, 0.22

WEIGHTS, 119.62,47.87
DUTY, 63
ANGLE, 1856, 9197, -6890, -1776, -261, -9.17

WEIGHTS, 120.50,64.23
DUTY, 64
ANGLE, -1532, -266, 1139, 128, -37, 52.64

WEIGHTS, 99.64,81.76
DUTY, 68
ANGLE, -2390, 287, 1184, -127, 121, 62.99

WEIGHTS, 83.34,97.92
DUTY, 66
ANGLE, -302, -529, 1126, -58, 27, 13.64

WEIGHTS, 66.73,97.47
DUTY, 73
ANGLE, 1370, 223, 1175, 347, 208, -48.88

WEIGHTS, 74.02,77.28
DUTY, 75
ANGLE, -1207, -1797, 1755, -83, 238, 25.67

WEIGHTS, 92.10,47.78
DUTY, 75
ANGLE, -733, -430, 1715, -335, 340, 22.52

WEIGHTS, 121.07,52.07
DUTY, 64
ANGLE, -210, 338, 2762, -475, 419, 4.32

WEIGHTS, 116.01,51.27
DUTY, 65
ANGLE, 217, -203, 4374, 494, 890, -2.84

WEIGHTS, 121.41,51.04
DUTY, 65
ANGLE, 20, -1499, 2182, -238, 693, -0.43

WEIGHTS, 118.10,54.02
DUTY, 64
ANGLE, -1110, 589, 2680, -161, 312, 22.02

WEIGHTS, 114.06,57.91
DUTY, 66
ANGLE, -669, -20, 1090, -110, 419, 31.54

WEIGHTS, 108.54,11.83
DUTY, 62
ANGLE, -591, -57, 1416, -389, 268, 22.64

WEIGHTS, 75.37,10.75
DUTY, 62
ANGLE, -312, -8, 1534, 45, 355, 11.50

WEIGHTS, -4.61,10.27
DUTY, 62
ANGLE, -85, -92, 1441, 25, 289, 3.37

WEIGHTS, -11.07,10.24
DUTY, 82
ANGLE, -79, -86, 1362, -8, 297, 3.31

WEIGHTS, -10.82,10.27
DUTY, 82
ANGLE, -48, -109, 1358, 24, 303, 2.02

WEIGHTS, -10.73,10.29
DUTY, 82
ANGLE, -78, -100, 1375, 4, 310, 3.24

WEIGHTS, -10.65,10.31
DUTY, 82
ANGLE, -67, -91, 1341, 31, 314, 2.85

WEIGHTS, -10.61,10.31
DUTY, 82
ANGLE, -112, -83, 1345, 46, 315, 4.75

WEIGHTS, -10.55,10.33
DUTY, 82
ANGLE, -127, -91, 1422, 38, 322, 5.09

WEIGHTS, -10.53,10.34
DUTY, 82
ANGLE, -110, -95, 1395, -18, 288, 4.50

WEIGHTS, -10.49,10.35
DUTY, 82
ANGLE, -48, -16, 1302, 16, 303, 2.11

WEIGHTS, -10.46,10.35
DUTY, 82
ANGLE, -77, -156, 1410, -7, 284, 3.11

WEIGHTS, -10.44,10.36
DUTY, 82
ANGLE, -129, -128, 1470, 51, 331, 5.00

WEIGHTS, -10.41,10.36
DUTY, 82
ANGLE, -78, -89, 1392, -10, 298, 3.20

WEIGHTS, -10.39,10.37
DUTY, 82
ANGLE, -102, -39, 1435, 24, 324, 4.06

WEIGHTS, -10.38,10.37
DUTY, 82
ANGLE, -30, -49, 1365, 18, 277, 1.26

