
WEIGHTS, 99.05,12.44
DUTY, 75
ANGLE, 959, -853, 437, 340, 163, -45.02

WEIGHTS, 92.25,81.16
DUTY, 73
ANGLE, -393, 54, 1101, -9, 299, 19.62

WEIGHTS, 115.12,39.42
DUTY, 73
ANGLE, 363, 41, 1223, -325, 342, -16.52

WEIGHTS, 110.94,88.50
DUTY, 71
ANGLE, -249, -34, 1404, 93, 270, 10.05

WEIGHTS, 71.93,65.04
DUTY, 71
ANGLE, 33, -21, 1262, 18, 256, -1.50

WEIGHTS, 105.01,79.60
DUTY, 70
ANGLE, 201, -12, 1358, 48, 298, -8.42

WEIGHTS, 76.63,98.59
DUTY, 70
ANGLE, -20, -96, 1366, -88, 335, 0.84

WEIGHTS, 67.72,98.99
DUTY, 82
ANGLE, 38, -82, 1397, 26, 319, -1.56

WEIGHTS, 67.32,103.82
DUTY, 82
ANGLE, -3, -129, 1409, -1, 339, 0.12

WEIGHTS, 60.74,108.60
DUTY, 73
ANGLE, 35, -51, 1378, 0, 331, -1.45

WEIGHTS, 56.85,107.26
DUTY, 75
ANGLE, 41, -34, 1368, -19, 310, -1.72

WEIGHTS, 55.91,109.84
DUTY, 82
ANGLE, 23, -26, 1362, 2, 304, -0.97

WEIGHTS, 53.07,110.79
DUTY, 82
ANGLE, 0, -63, 1452, 184, 278, 0.00

WEIGHTS, 53.20,109.87
DUTY, 82
ANGLE, 89, -81, 1360, -22, 308, -3.74

WEIGHTS, 59.56,113.31
DUTY, 82
ANGLE, 38, -104, 1360, 8, 306, -1.60

WEIGHTS, 51.47,115.84
DUTY, 82
ANGLE, 0, -131, 1394, 62, 295, 0.00

WEIGHTS, 50.62,118.71
DUTY, 82
ANGLE, 32, -141, 1339, 28, 314, -1.36

WEIGHTS, 50.83,121.20
DUTY, 87
ANGLE, 64, -112, 1385, -13, 318, -2.64

WEIGHTS, 45.80,128.32
DUTY, 88
ANGLE, 24, -108, 1342, -5, 311, -1.02

WEIGHTS, 38.81,127.85
DUTY, 90
ANGLE, 60, -112, 1387, -2, 310, -2.47

WEIGHTS, 34.76,134.84
DUTY, 91
ANGLE, -62, 2, 1381, 21, 313, 2.57

WEIGHTS, 33.49,124.58
DUTY, 92
ANGLE, -337, -265, 1690, -84, 295, 11.14

WEIGHTS, 60.65,70.09
DUTY, 93
ANGLE, 204, -183, 1726, -97, 296, -6.70

WEIGHTS, 88.14,92.82
DUTY, 85
ANGLE, 459, 109, 424, -133, 358, -46.36

WEIGHTS, 77.03,99.04
DUTY, 85
ANGLE, 237, -129, 1175, 44, 374, -11.34

WEIGHTS, 65.42,105.49
DUTY, 88
ANGLE, 196, -25, 1244, 96, 373, -8.95

WEIGHTS, 57.17,113.91
DUTY, 92
ANGLE, -312, 125, 736, -44, 452, 22.68

WEIGHTS, 52.48,100.61
DUTY, 96
ANGLE, 21, 253, 1939, 161, 603, -0.62

WEIGHTS, 69.03,83.47
DUTY, 87
ANGLE, 137, -154, 1736, 223, 440, -4.49

WEIGHTS, 85.23,78.36
DUTY, 87
ANGLE, -8, -93, 1095, -112, 344, 0.42

WEIGHTS, 87.77,88.44
DUTY, 87
ANGLE, -217, 96, 1880, 140, 264, 6.58

WEIGHTS, 77.54,94.54
DUTY, 87
ANGLE, 72, -105, 1481, -76, 300, -2.78

WEIGHTS, 67.93,101.44
DUTY, 86
ANGLE, 328, -111, 1051, -32, 216, -17.24

WEIGHTS, 62.33,107.81
DUTY, 90
ANGLE, -45, -331, 1323, -28, 180, 1.89

WEIGHTS, 44.93,129.09
DUTY, 96
ANGLE, -244, -152, 1269, 32, 119, 10.81

WEIGHTS, 44.23,116.41
DUTY, 87
ANGLE, 329, -142, 2568, 1, 330, -7.29

WEIGHTS, 59.08,105.28
DUTY, 94
ANGLE, -367, 236, 2006, 7, 463, 10.30

WEIGHTS, 59.42,105.73
DUTY, 91
ANGLE, 935, 121, 397, 91, 124, -66.06

WEIGHTS, 55.98,112.91
DUTY, 93
ANGLE, 346, -214, 914, 6, 327, -20.23

WEIGHTS, 69.50,93.91
DUTY, 91
ANGLE, 307, 170, 1321, 19, 353, -12.98

WEIGHTS, 68.61,99.54
DUTY, 87
ANGLE, -315, -104, 1419, 89, 301, 12.48

WEIGHTS, 67.32,94.95
DUTY, 86
ANGLE, -372, 57, 1498, -10, 16, 13.94

WEIGHTS, 74.78,102.38
DUTY, 87
ANGLE, 286, -638, 1061, -115, 288, -13.01

WEIGHTS, 68.37,97.04
DUTY, 87
ANGLE, 121, -96, 1429, -174, 197, -4.83

WEIGHTS, 64.55,107.19
DUTY, 90
ANGLE, 34, -195, 1355, 237, 279, -1.42

WEIGHTS, 60.63,99.12
DUTY, 88
ANGLE, 36, 42, 1530, -171, 197, -1.35

WEIGHTS, 68.84,101.80
DUTY, 92
ANGLE, 105, 54, 1532, 105, 291, -3.92

WEIGHTS, 60.94,111.41
DUTY, 90
ANGLE, 11, -423, 1366, 265, 514, -0.44

WEIGHTS, 56.25,97.67
DUTY, 92
ANGLE, -28, -190, 1277, -298, 240, 1.24

WEIGHTS, 70.00,99.75
DUTY, 92
ANGLE, -492, 442, 1214, -97, 359, 20.85

WEIGHTS, 61.98,93.92
DUTY, 86
ANGLE, -653, -86, 1263, 8, 465, 27.29

WEIGHTS, 80.39,87.49
DUTY, 86
ANGLE, -616, 202, 1030, -19, 464, 30.41

WEIGHTS, 74.91,94.20
DUTY, 88
ANGLE, 451, 258, 850, 10, 379, -26.92

WEIGHTS, 70.54,103.94
DUTY, 86
ANGLE, 54, -305, 1747, -95, 148, -1.74

WEIGHTS, 63.34,106.19
DUTY, 91
ANGLE, 700, 105, 1982, -40, 344, -19.43

WEIGHTS, 54.26,111.56
DUTY, 91
ANGLE, -790, -3, 1390, -173, 552, 29.61

WEIGHTS, 58.70,112.12
DUTY, 94
ANGLE, 528, 369, 1365, 34, 749, -20.48

WEIGHTS, 53.64,92.54
DUTY, 93
ANGLE, -24, 284, 1654, -252, 114, 0.82

WEIGHTS, 91.12,82.27
DUTY, 89
ANGLE, -626, 485, 1909, 210, 10, 17.63

WEIGHTS, 78.05,98.97
DUTY, 89
ANGLE, -585, 501, 1373, -153, 326, 21.81

WEIGHTS, 69.57,90.36
DUTY, 84
ANGLE, -514, 27, 1219, -36, 123, 22.86

WEIGHTS, 79.55,94.00
DUTY, 86
ANGLE, 781, -350, 1868, 249, 28, -22.34

WEIGHTS, 63.12,107.66
DUTY, 82
ANGLE, -291, 119, 1346, -54, 161, 12.15

WEIGHTS, 66.64,104.61
DUTY, 90
ANGLE, -336, -877, 1080, -3, 282, 13.58

WEIGHTS, 58.57,106.23
DUTY, 92
ANGLE, -1006, 370, 1419, 50, 679, 34.45

WEIGHTS, 60.85,104.29
DUTY, 89
ANGLE, -300, 471, 1071, -234, 491, 14.38

WEIGHTS, 58.45,104.85
DUTY, 93
ANGLE, 743, -186, 985, -117, 196, -36.55

WEIGHTS, 59.37,106.50
DUTY, 90
ANGLE, 542, 216, 1660, 263, 380, -17.94

WEIGHTS, 59.96,112.25
DUTY, 90
ANGLE, 228, -35, 1378, -116, 447, -9.39

WEIGHTS, 56.66,105.06
DUTY, 95
ANGLE, -114, 478, 1028, -249, 385, 5.74

WEIGHTS, 59.33,98.30
DUTY, 90
ANGLE, -696, 588, 1707, -2, 419, 21.08

WEIGHTS, 71.47,92.18
DUTY, 86
ANGLE, 969, 410, 1220, -125, 424, -36.98

WEIGHTS, 75.85,88.80
DUTY, 89
ANGLE, -847, 553, 680, -200, 325, 44.02

WEIGHTS, 78.18,95.53
DUTY, 89
ANGLE, 674, -1044, 1475, 59, 353, -20.45

WEIGHTS, 66.21,104.90
DUTY, 86
ANGLE, 703, -878, 1073, 72, 323, -26.89

WEIGHTS, 65.40,107.74
DUTY, 90
ANGLE, 111, -1195, 887, 120, 245, -4.27

WEIGHTS, 51.48,111.15
DUTY, 92
ANGLE, -340, 672, 1667, -20, 156, 10.71

WEIGHTS, 56.66,104.46
DUTY, 95
ANGLE, -857, 438, 1562, -210, 55, 27.85

WEIGHTS, 68.26,98.89
DUTY, 90
ANGLE, 667, -1122, 960, 21, 250, -24.31

WEIGHTS, 70.07,96.74
DUTY, 86
ANGLE, 128, 423, 1775, -37, 356, -4.01

WEIGHTS, 71.09,97.15
DUTY, 86
ANGLE, -774, 56, 458, -157, 360, 59.20

WEIGHTS, 66.25,97.35
DUTY, 87
ANGLE, 981, -487, 1584, 69, 311, -30.62

WEIGHTS, 70.84,105.90
DUTY, 88
ANGLE, 492, -493, 830, 291, 386, -27.01

WEIGHTS, 52.84,108.41
DUTY, 89
ANGLE, -336, 431, 1558, -126, 396, 11.74

WEIGHTS, 70.18,100.54
DUTY, 92
ANGLE, -608, 502, 1705, 1, 242, 18.88

WEIGHTS, 57.67,98.36
DUTY, 89
ANGLE, -332, 551, 1552, -91, 332, 11.40

WEIGHTS, 75.57,98.47
DUTY, 85
ANGLE, 82, -457, 1307, 63, 285, -3.39

WEIGHTS, 56.32,113.64
DUTY, 90
ANGLE, 568, -384, 1039, -42, 488, -27.15

WEIGHTS, 59.87,102.20
DUTY, 92
ANGLE, 1274, -477, 436, -48, 542, -63.10

WEIGHTS, 62.11,104.91
DUTY, 90
ANGLE, -127, -715, 1838, 236, 410, 3.68

WEIGHTS, 65.46,88.41
DUTY, 88
ANGLE, 554, 1214, 1411, -38, 268, -16.57

WEIGHTS, 77.13,97.89
DUTY, 88
ANGLE, -375, -342, 1319, 172, -172, 15.39

WEIGHTS, 66.92,105.51
DUTY, 85
ANGLE, -716, 318, 1617, 112, 67, 23.48

WEIGHTS, 64.53,110.31
DUTY, 90
ANGLE, 660, -253, 1545, -36, 248, -22.86

WEIGHTS, 56.94,110.06
DUTY, 93
ANGLE, 14, -1130, 1644, -4, 228, -0.40

WEIGHTS, 52.41,105.59
DUTY, 93
ANGLE, 731, -86, 1268, 120, 158, -29.91

WEIGHTS, 64.78,97.94
DUTY, 89
ANGLE, 608, 74, 895, -81, 313, -34.10

WEIGHTS, 73.99,96.30
DUTY, 88
ANGLE, 787, 58, 1720, -25, 540, -24.57

WEIGHTS, 64.82,96.79
DUTY, 86
ANGLE, 97, -415, 1151, 32, 455, -4.53

WEIGHTS, 68.27,92.49
DUTY, 85
ANGLE, 172, 126, 1257, -79, 275, -7.75

WEIGHTS, 71.92,104.57
DUTY, 86
ANGLE, -470, 785, 1249, 60, 364, 17.67

WEIGHTS, 53.31,113.73
DUTY, 92
ANGLE, 60, -255, 1043, -30, 527, -3.20

WEIGHTS, 56.02,106.07
DUTY, 94
ANGLE, -881, 419, 2139, -86, 629, 22.01

WEIGHTS, 62.38,102.93
DUTY, 91
ANGLE, 332, 376, 1715, 135, 275, -10.71

WEIGHTS, 65.70,94.59
DUTY, 88
ANGLE, 879, -190, 661, -96, 286, -51.96

WEIGHTS, 76.28,97.46
DUTY, 86
ANGLE, -35, 340, 1369, -173, 468, 1.42

WEIGHTS, 66.15,97.11
DUTY, 87
ANGLE, 1249, -398, 2279, 86, 522, -28.36

WEIGHTS, 66.83,106.34
DUTY, 86
ANGLE, 77, -619, 1213, 103, 360, -3.24

WEIGHTS, 54.22,113.78
DUTY, 93
ANGLE, -617, -917, 1263, -93, 11, 21.57

WEIGHTS, 58.78,106.73
DUTY, 96
ANGLE, -219, 562, 1752, 78, 197, 6.79

WEIGHTS, 57.54,108.95
DUTY, 89
ANGLE, 855, -816, 1970, 31, 359, -21.85

WEIGHTS, 65.28,100.45
DUTY, 92
ANGLE, -403, 569, 2052, -109, 377, 10.72

WEIGHTS, 62.78,98.62
DUTY, 89
ANGLE, -825, 542, 2257, 102, 278, 19.57

WEIGHTS, 67.39,105.55
DUTY, 87
ANGLE, 109, 438, 2004, 143, 139, -3.04

WEIGHTS, 60.77,112.14
DUTY, 91
ANGLE, 201, 182, 703, -20, 246, -15.47

WEIGHTS, 61.78,77.69
DUTY, 91
ANGLE, -488, -556, 819, 102, 42, 26.24

WEIGHTS, 87.92,77.48
DUTY, 89
ANGLE, 721, 176, 916, 196, -139, -37.70

WEIGHTS, 98.14,71.61
DUTY, 84
ANGLE, -14, 358, 1708, 56, -342, 0.46

WEIGHTS, 96.16,59.81
DUTY, 82
ANGLE, -407, -94, 824, -18, -108, 26.14

WEIGHTS, 123.61,56.82
DUTY, 79
ANGLE, -57, -223, 1512, -313, 690, 2.14

WEIGHTS, 106.15,54.07
DUTY, 77
ANGLE, -487, 278, 2106, 8, 1081, 12.91

WEIGHTS, 107.15,56.95
DUTY, 75
ANGLE, -255, -147, 911, 125, 835, 15.45

WEIGHTS, 113.66,49.99
DUTY, 73
ANGLE, 571, -59, 908, 169, 259, -32.11

WEIGHTS, 117.58,44.47
DUTY, 72
ANGLE, -71, 287, 619, -229, -182, 5.94

WEIGHTS, 133.01,34.65
DUTY, 70
ANGLE, -134, 256, 819, -83, 52, 8.88

WEIGHTS, 129.91,44.65
DUTY, 69
ANGLE, 1231, -382, 1788, -24, -3, -33.95

WEIGHTS, 109.32,50.06
DUTY, 68
ANGLE, -529, 42, 890, 91, 194, 30.70

WEIGHTS, 126.55,42.71
DUTY, 72
ANGLE, -895, -133, 1390, 34, 200, 32.66

WEIGHTS, 116.95,47.48
DUTY, 62
ANGLE, -356, -89, 1631, 149, 372, 12.30

WEIGHTS, 123.70,49.08
DUTY, 62
ANGLE, -1156, 94, 1456, 143, 229, 38.39

WEIGHTS, 115.07,55.84
DUTY, 62
ANGLE, 22, -98, 1344, 71, -48, -0.94

WEIGHTS, 104.54,84.36
DUTY, 64
ANGLE, -299, -64, 1375, -123, 50, 12.26

WEIGHTS, 76.95,96.37
DUTY, 70
ANGLE, -257, -26, 1403, -14, 56, 10.38

WEIGHTS, 62.35,97.17
DUTY, 67
ANGLE, 60, 61, 1213, 45, 348, -2.83

WEIGHTS, 76.78,71.10
DUTY, 70
ANGLE, 213, -70, 894, 9, 444, -13.36

WEIGHTS, 103.67,59.05
DUTY, 66
ANGLE, -173, 258, 800, -28, 555, 11.63

WEIGHTS, 103.86,58.00
DUTY, 63
ANGLE, -266, -54, 2158, 0, 453, 7.02

WEIGHTS, 109.86,66.62
DUTY, 63
ANGLE, 56, -340, 2301, -54, 425, -1.38
