WEIGHTS, -9.99,10.00
DUTY, 82
ANGLE, 7, -71, 1364, -14, 333, -0.01

WEIGHTS, -9.99,9.99
DUTY, 82
ANGLE, 13, -57, 1368, 3, 330, 0.24

WEIGHTS, -10.01,10.00
DUTY, 82
ANGLE, 11, -63, 1370, -7, 347, 0.16

WEIGHTS, -10.01,9.99
DUTY, 82
ANGLE, 6, -55, 1364, 1, 330, -0.05

WEIGHTS, -10.02,10.00
DUTY, 82
ANGLE, 6, -71, 1371, -2, 342, -0.05

WEIGHTS, -10.02,10.00
DUTY, 82
ANGLE, -1, -57, 1362, -15, 338, -0.34

WEIGHTS, -10.04,10.00
DUTY, 82
ANGLE, 4, -58, 1360, 2, 333, -0.13

WEIGHTS, -10.04,10.01
DUTY, 82
ANGLE, 1, -61, 1379, -6, 345, -0.26

WEIGHTS, -10.03,10.00
DUTY, 82
ANGLE, 18, -55, 1358, 1, 335, 0.46

WEIGHTS, -10.03,10.00
DUTY, 82
ANGLE, 34, -70, 1362, -2, 332, 1.13

WEIGHTS, -10.01,10.00
DUTY, 82
ANGLE, 9, -58, 1373, -14, 351, 0.08

WEIGHTS, -10.02,10.00
DUTY, 82
ANGLE, 190, -61, 1385, -28, 335, 7.50

WEIGHTS, -10.00,10.00
DUTY, 82
ANGLE, 84, -80, 1220, -22, 334, 3.63

WEIGHTS, -9.95,10.00
DUTY, 82
ANGLE, -2, -40, 1462, -6, 318, -0.38

WEIGHTS, -9.93,10.00
DUTY, 82
ANGLE, -28, -1, 1325, 54, 327, -1.51

WEIGHTS, -9.85,9.95
DUTY, 82
ANGLE, 27, -73, 1305, -110, 290, 0.88

WEIGHTS, -9.72,9.94
DUTY, 82
ANGLE, 189, -4, 1399, -74, 312, 7.39

WEIGHTS, -9.78,9.97
DUTY, 82
ANGLE, 21, -152, 1177, 24, 302, 0.71

WEIGHTS, -9.89,10.00
DUTY, 82
ANGLE, 3, 107, 1387, -114, 294, -0.18

WEIGHTS, -9.92,10.01
DUTY, 82
ANGLE, 18, -192, 1504, 72, 321, 0.38

WEIGHTS, -9.99,10.01
DUTY, 82
ANGLE, -158, -12, 1337, -45, 313, -7.04

WEIGHTS, -9.97,10.04
DUTY, 82
ANGLE, 86, -87, 1355, 13, 302, 3.32

WEIGHTS, -10.03,10.05
DUTY, 82
ANGLE, 50, -278, 1227, 118, 286, 1.98

WEIGHTS, -10.00,10.03
DUTY, 82
ANGLE, 21, 88, 1087, -84, 310, 0.80

WEIGHTS, -9.91,10.02
DUTY, 82
ANGLE, 213, -9, 1565, 58, 320, 7.45

WEIGHTS, -10.02,10.01
DUTY, 82
ANGLE, 139, -416, 1899, 262, 304, 3.79

WEIGHTS, -9.99,10.01
DUTY, 82
ANGLE, -105, 46, 1177, -21, 335, -5.39

WEIGHTS, -9.96,10.01
DUTY, 82
ANGLE, 117, -156, 1906, -31, 259, 3.20

WEIGHTS, -9.94,10.02
DUTY, 82
ANGLE, 163, -119, 1594, 90, 278, 5.52

WEIGHTS, -9.94,10.02
DUTY, 82
ANGLE, -624, -314, 1565, -96, 201, -0.68

WEIGHTS, -9.99,10.01
DUTY, 82
ANGLE, 87, 7, 1904, 75, 287, 2.32

WEIGHTS, -10.00,10.00
DUTY, 82
ANGLE, -19, -244, 2620, 146, 295, -0.71

WEIGHTS, -9.84,10.02
DUTY, 82
ANGLE, 340, -100, 1244, -66, 291, 0.17

WEIGHTS, -10.05,9.99
DUTY, 82
ANGLE, 71, -68, 937, -130, 290, 4.02

WEIGHTS, -9.91,9.99
DUTY, 82
ANGLE, 192, -148, 756, -66, 269, 13.70

WEIGHTS, -9.95,9.99
DUTY, 82
ANGLE, 19, -12, 796, -55, 327, 1.07

WEIGHTS, -9.96,10.00
DUTY, 82
ANGLE, 524, -764, 1573, -85, 311, 3.99

WEIGHTS, -9.90,10.02
DUTY, 82
ANGLE, 307, -728, 1461, -12, 290, 5.72

WEIGHTS, -10.03,10.00
DUTY, 82
ANGLE, -292, 44, 1524, 26, 279, 5.31

WEIGHTS, -9.98,9.99
DUTY, 82
ANGLE, -514, 17, 925, 55, 245, 4.92

WEIGHTS, -9.96,10.01
DUTY, 82
ANGLE, 450, -67, 1058, -34, 328, 6.74

WEIGHTS, -10.06,10.05
DUTY, 82
ANGLE, -101, -18, 1470, 63, 261, -4.23

WEIGHTS, -10.02,10.01
DUTY, 82
ANGLE, -112, 614, 1356, -137, 283, -4.60

WEIGHTS, -9.92,10.01
DUTY, 82
ANGLE, 314, -343, 1242, -25, 272, -1.18

WEIGHTS, -10.01,9.96
DUTY, 82
ANGLE, -146, 505, 1405, -5, 327, -5.89

WEIGHTS, -9.90,10.01
DUTY, 82
ANGLE, -131, -57, 2133, -143, 257, -3.81

WEIGHTS, -9.89,10.01
DUTY, 82
ANGLE, 222, -187, 1359, -78, 307, 8.89

WEIGHTS, -9.94,10.00
DUTY, 82
ANGLE, -256, 188, 1477, 120, 258, 0.65

WEIGHTS, -9.91,10.01
DUTY, 82
ANGLE, 30, -182, 2690, 19, 267, 0.34

WEIGHTS, -9.83,9.98
DUTY, 82
ANGLE, 559, -702, 1441, -112, 237, -0.23

WEIGHTS, -9.93,9.99
DUTY, 82
ANGLE, 466, -247, 1169, -32, 312, -0.68

WEIGHTS, -9.83,10.00
DUTY, 82
ANGLE, -109, 452, 823, 81, 327, -6.92

WEIGHTS, -9.87,10.04
DUTY, 82
ANGLE, 336, -650, 684, 144, 292, -0.06

WEIGHTS, -9.97,10.02
DUTY, 82
ANGLE, -317, -7, 1551, -181, 286, -0.16

WEIGHTS, -9.88,10.02
DUTY, 82
ANGLE, -5, -143, 1617, 189, 297, -0.48

WEIGHTS, -9.92,10.00
DUTY, 82
ANGLE, 119, -389, 94, -144, 276, 16.26

WEIGHTS, -9.93,10.01
DUTY, 82
ANGLE, 30, -208, 1156, -59, 279, 1.16

WEIGHTS, -9.86,10.01
DUTY, 82
ANGLE, 429, -595, 1688, -50, 243, 2.13

WEIGHTS, -9.86,10.00
DUTY, 82
ANGLE, -242, -150, 1970, -58, 277, 0.59

WEIGHTS, -9.95,10.00
DUTY, 82
ANGLE, 218, -170, 1462, -22, 313, 8.12

WEIGHTS, -9.85,10.01
DUTY, 82
ANGLE, 234, -55, 1890, -58, 276, 6.75

WEIGHTS, -9.81,9.99
DUTY, 82
ANGLE, -319, -119, 2182, 111, 307, 0.12

WEIGHTS, -9.90,10.01
DUTY, 82
ANGLE, -278, 191, 1169, -37, 325, -0.61

WEIGHTS, -9.68,10.00
DUTY, 82
ANGLE, -141, -204, 1086, -85, 306, -7.57
