small
WEIGHTS, -9.91,9.92
DUTY, 82
ANGLE, 89, -807, 1081, 31, 3.47

WEIGHTS, -9.94,9.91
DUTY, 82
ANGLE, 86, -845, 1065, 22, 3.32

WEIGHTS, -9.98,9.89
DUTY, 82
ANGLE, 50, -830, 1075, -96, 1.81

WEIGHTS, -9.96,9.86
DUTY, 82
ANGLE, 58, -698, 1078, -410, 2.29

WEIGHTS, -10.01,9.87
DUTY, 82
ANGLE, 34, -231, 1426, -330, 1.05

WEIGHTS, -9.79,10.16
DUTY, 82
ANGLE, 12, -124, 1374, -191, 0.20

WEIGHTS, -9.80,10.15
DUTY, 82
ANGLE, -3, -167, 1114, 61, -0.45

WEIGHTS, -9.83,10.09
DUTY, 82
ANGLE, 15, -38, 1408, 42, 0.31

WEIGHTS, -9.94,10.01
DUTY, 82
ANGLE, 15, -44, 1391, -3, 0.32

WEIGHTS, -9.95,10.01
DUTY, 82
ANGLE, 12, -56, 1351, 0, 0.21

WEIGHTS, -9.95,10.01
DUTY, 82
ANGLE, 15, -71, 1379, 3, 0.32

WEIGHTS, -9.96,10.01
DUTY, 82
ANGLE, 11, -61, 1359, -2, 0.16

WEIGHTS, -9.96,10.01
DUTY, 82
ANGLE, 7, -63, 1379, 6, -0.01

WEIGHTS, -9.95,10.01
DUTY, 82
ANGLE, 4, -65, 1363, 1, -0.13

WEIGHTS, -9.95,10.01
DUTY, 82
ANGLE, 15, -71, 1370, 6, 0.33

WEIGHTS, -9.96,10.00
DUTY, 82
ANGLE, 6, -71, 1369, -5, -0.05

WEIGHTS, -9.94,10.00
DUTY, 82
ANGLE, 7, -66, 1384, 3, -0.01

WEIGHTS, -10.06,10.00
DUTY, 82
ANGLE, -37, 207, 1771, -101, -1.49

WEIGHTS, -8.80,10.36
DUTY, 82
ANGLE, 44, -66, 1347, -14, 1.57

WEIGHTS, -1.53,10.62
DUTY, 82
ANGLE, 22, -61, 1316, 144, 0.66

WEIGHTS, 7.42,10.78
DUTY, 82
ANGLE, -61, -89, 1495, 177, -2.63

WEIGHTS, 77.74,13.74
DUTY, 82
ANGLE, 14, -190, 1133, 60, 0.40

WEIGHTS, 124.03,26.91
DUTY, 82
ANGLE, 473, -363, 1479, -176, -0.28

WEIGHTS, 99.23,119.86
DUTY, 82
ANGLE, -300, -342, 1056, -2, -1.43

WEIGHTS, 91.91,37.53
DUTY, 82
ANGLE, 425, -193, 1245, -83, -0.15

WEIGHTS, 116.94,104.83
DUTY, 82
ANGLE, -619, -235, 1347, 53, -1.89

WEIGHTS, 71.40,50.64
DUTY, 82
ANGLE, 195, -160, 1340, -150, 7.92

WEIGHTS, 124.56,107.66
DUTY, 76
ANGLE, -5, -213, 1405, -57, -0.50

WEIGHTS, 57.28,109.17
DUTY, 91
ANGLE, 76, -145, 1299, -32, 3.03

WEIGHTS, 66.72,114.39
DUTY, 82
ANGLE, 48, -223, 1355, 45, 1.70

WEIGHTS, 53.64,119.73
DUTY, 82
ANGLE, 35, -157, 1364, 39, 1.16

WEIGHTS, 55.80,116.50
DUTY, 82
ANGLE, 74, -163, 1331, 10, 2.86

WEIGHTS, 55.33,120.44
DUTY, 82
ANGLE, 70, -183, 1351, -4, 2.64

WEIGHTS, 52.55,122.62
DUTY, 87
ANGLE, 50, -168, 1347, -27, 1.81

WEIGHTS, 52.53,123.70
DUTY, 88
ANGLE, 11, -181, 1364, -20, 0.16

WEIGHTS, 50.13,124.57
DUTY, 90
ANGLE, 40, -164, 1374, -43, 1.36

WEIGHTS, 50.00,123.48
DUTY, 91
ANGLE, 31, -147, 1364, -14, 0.99

WEIGHTS, 45.85,126.41
DUTY, 92
ANGLE, 35, -139, 1360, 29, 1.17

WEIGHTS, 40.66,129.30
DUTY, 93
ANGLE, -483, -95, 1804, -26, 0.11

WEIGHTS, 51.60,95.17
DUTY, 94
ANGLE, -1100, -281, 1948, -92, -2.83

WEIGHTS, 103.18,63.90
DUTY, 92
ANGLE, 215, -275, 2601, 243, 4.40

WEIGHTS, 102.86,62.32
DUTY, 86
ANGLE, -286, -500, 1723, 29, -2.83

WEIGHTS, 113.15,55.06
DUTY, 86
ANGLE, 945, 30, 1288, 103, 0.60

WEIGHTS, 115.05,55.68
DUTY, 86
ANGLE, 1113, -392, 1146, -125, 0.66

WEIGHTS, 109.82,68.57
DUTY, 86
ANGLE, -100, -29, 1724, -8, -3.62

WEIGHTS, 96.74,80.53
DUTY, 79
ANGLE, -95, 127, 1286, 201, -4.50

WEIGHTS, 86.55,97.14
DUTY, 82
ANGLE, 281, 158, 1167, -97, -1.30

WEIGHTS, 62.66,121.22
DUTY, 92
ANGLE, -143, -417, 1460, 28, -5.68

WEIGHTS, 50.39,112.51
DUTY, 84
ANGLE, 48, -207, 1725, -55, 1.28

WEIGHTS, 57.86,113.08
DUTY, 84
ANGLE, -124, -412, 1803, 3, -4.14

WEIGHTS, 55.68,117.49
DUTY, 84
ANGLE, -215, 117, 902, 7, -13.60

WEIGHTS, 53.13,113.26
DUTY, 84
ANGLE, -305, -375, 1031, 53, -5.21

WEIGHTS, 57.40,114.81
DUTY, 89
ANGLE, 249, 6, 830, 29, -2.18

WEIGHTS, 54.28,127.58
DUTY, 90
ANGLE, 254, -175, 732, -141, -1.85

WEIGHTS, 47.84,122.09
DUTY, 91
ANGLE, 65, 238, 796, 47, 4.17

WEIGHTS, 48.91,115.48
DUTY, 92
ANGLE, -168, 395, 1095, -136, -8.51

WEIGHTS, 54.01,104.34
DUTY, 93
ANGLE, 317, -228, 1935, 169, -0.29

WEIGHTS, 69.22,79.96
DUTY, 93
ANGLE, 202, -436, 2428, 141, 4.38

WEIGHTS, 86.80,85.71
DUTY, 86
ANGLE, -68, -95, 1343, -108, -3.19

WEIGHTS, 79.89,78.94
DUTY, 87
ANGLE, 244, -233, 1385, 114, 2.32

WEIGHTS, 91.41,71.94
DUTY, 87
ANGLE, -243, -236, 1291, -271, 0.57

WEIGHTS, 103.85,73.98
DUTY, 87
ANGLE, 7, 17, 1793, -142, -0.08

WEIGHTS, 84.56,84.38
DUTY, 87
ANGLE, 609, -172, 1209, 75, 4.15

WEIGHTS, 84.32,73.61
DUTY, 81
ANGLE, 3, -268, 833, 470, -0.10

WEIGHTS, 93.02,113.45
DUTY, 79
ANGLE, 217, -344, 1511, 442, 7.67

WEIGHTS, 42.91,129.83
DUTY, 94
ANGLE, 19, -192, 1227, 443, 0.58

WEIGHTS, 50.64,100.68
DUTY, 84
ANGLE, -290, -27, 1913, -145, 1.57

WEIGHTS, 84.86,78.36
DUTY, 89
ANGLE, 150, 138, 1612, 290, 5.00

WEIGHTS, 71.57,121.13
DUTY, 82
ANGLE, 333, -428, 1682, 54, 2.27

WEIGHTS, 43.08,149.40
DUTY, 84
ANGLE, -193, -447, 1259, -19, -8.52

WEIGHTS, 22.20,131.27
DUTY, 84
ANGLE, 259, -92, 1412, -60, 0.26

WEIGHTS, 38.32,133.93
DUTY, 89
ANGLE, 6, -20, 1566, 204, -0.08

WEIGHTS, 32.33,132.32
DUTY, 90
ANGLE, 1043, 330, 1689, 3, 0.28

WEIGHTS, 45.37,117.62
DUTY, 92
ANGLE, 26, -172, 225, -127, 4.95

WEIGHTS, 61.95,82.04
DUTY, 92
ANGLE, 0, -408, 1370, -218, -0.30

WEIGHTS, 87.31,92.77
DUTY, 92
ANGLE, 158, -271, 1391, 109, 6.06

WEIGHTS, 80.49,95.03
DUTY, 86
ANGLE, -712, -102, 1823, 110, 0.25

WEIGHTS, 82.05,89.06
DUTY, 88
ANGLE, -23, -106, 1849, 91, -1.01

WEIGHTS, 89.95,82.76
DUTY, 85
ANGLE, 305, -347, 1934, 16, -0.39

WEIGHTS, 93.50,78.93
DUTY, 86
ANGLE, 84, -335, 1852, 70, 2.26

WEIGHTS, 95.41,80.52
DUTY, 86
ANGLE, -792, 81, 1765, 189, 0.17

WEIGHTS, 92.55,83.19
DUTY, 86
ANGLE, 812, 70, 926, -104, -0.16

WEIGHTS, 90.03,89.91
DUTY, 86
ANGLE, -328, -582, 1274, -177, -0.21

WEIGHTS, 94.85,38.62
DUTY, 80
ANGLE, -494, -79, 1340, 159, -0.21

WEIGHTS, 119.38,12.02
DUTY, 78
ANGLE, -302, -191, 1969, -486, -0.24

WEIGHTS, 100.90,11.49
DUTY, 76
ANGLE, 176, -22, 1492, -142, 6.43

WEIGHTS, 24.34,11.26
DUTY, 74
ANGLE, -120, -85, 1548, -102, -4.73

WEIGHTS, 4.41,10.84
DUTY, 79
ANGLE, 21, -47, 1360, -26, 0.58

WEIGHTS, 3.89,10.93
DUTY, 79
ANGLE, 115, -68, 1348, -29, 4.57

WEIGHTS, 0.07,11.02
DUTY, 79
ANGLE, 4, -45, 1383, -6, -0.13
