WEIGHTS, -9.85,9.95
DUTY, 82, 82.00, 82.00, 82
ANGLE, -0.46, -0.49, -0.51, -0.46

WEIGHTS, -9.77,9.96
DUTY, 82, 82.00, 82.00, 82
ANGLE, -0.93, -0.32, -0.22, -0.93

WEIGHTS, -9.83,9.96
DUTY, 82, 82.00, 82.00, 82
ANGLE, -0.24, -0.44, -0.48, -0.24

WEIGHTS, -9.86,9.95
DUTY, 82, 82.00, 82.00, 82
ANGLE, -0.36, -0.43, -0.44, -0.36

WEIGHTS, -9.87,9.96
DUTY, 82, 82.00, 82.00, 82
ANGLE, -0.75, -0.37, -0.37, -0.75

WEIGHTS, -9.85,9.96
DUTY, 82, 82.00, 82.00, 82
ANGLE, -0.36, -0.30, -0.25, -0.36

WEIGHTS, -9.86,9.95
DUTY, 82, 82.00, 82.00, 82
ANGLE, -0.28, -0.33, -0.34, -0.28

WEIGHTS, -9.85,9.96
DUTY, 82, 82.00, 82.00, 82
ANGLE, -0.56, -0.38, -0.43, -0.56

WEIGHTS, -9.85,9.96
DUTY, 82, 82.00, 82.00, 82
ANGLE, -0.54, -0.39, -0.43, -0.54

WEIGHTS, -9.86,9.96
DUTY, 82, 82.00, 82.00, 82
ANGLE, -0.22, -0.36, -0.34, -0.22

WEIGHTS, -9.86,9.96
DUTY, 82, 82.00, 82.00, 82
ANGLE, -0.12, -0.34, -0.31, -0.12

WEIGHTS, -9.85,9.96
DUTY, 82, 82.00, 82.00, 82
ANGLE, -0.50, -0.39, -0.42, -0.50

WEIGHTS, -9.85,9.95
DUTY, 82, 82.00, 82.00, 82
ANGLE, -0.37, -0.43, -0.46, -0.37

WEIGHTS, -9.86,9.96
DUTY, 82, 82.00, 82.00, 82
ANGLE, -0.33, -0.44, -0.45, -0.33

WEIGHTS, -9.85,9.94
DUTY, 82, 82.00, 82.00, 82
ANGLE, 2.44, -0.63, -3.81, 2.44

WEIGHTS, -9.46,9.85
DUTY, 82, 82.00, 82.00, 82
ANGLE, -0.95, -0.75, -1.79, -0.95

WEIGHTS, -0.27,10.65
DUTY, 82, 82.00, 82.00, 82
ANGLE, 0.64, -0.42, -0.43, 0.64

WEIGHTS, 13.09,10.56
DUTY, 82, 82.00, 82.00, 82
ANGLE, -1.62, -0.46, -0.54, -1.62

WEIGHTS, 6.76,10.40
DUTY, 82, 82.00, 81.13, 69
ANGLE, -1.03, -0.43, -0.44, -1.03

WEIGHTS, 10.96,10.58
DUTY, 82, 82.00, 81.13, 69
ANGLE, 0.70, -0.16, 0.16, 0.70

WEIGHTS, 115.21,12.44
DUTY, 82, 82.00, 77.85, 62
ANGLE, -0.61, -0.61, -2.70, -7.57

WEIGHTS, 117.83,61.57
DUTY, 74, 82.00, 74.73, 67
ANGLE, 1.92, 0.16, 1.42, 1.92

WEIGHTS, 115.18,74.49
DUTY, 72, 82.00, 72.73, 65
ANGLE, 0.55, 0.55, 2.76, 6.04

WEIGHTS, 93.44,83.09
DUTY, 71, 82.00, 71.91, 70
ANGLE, 1.28, 0.99, 2.07, 1.28

WEIGHTS, 92.20,90.07
DUTY, 82, 82.00, 71.91, 70
ANGLE, 1.84, 1.43, 2.23, 1.84

WEIGHTS, 93.20,86.69
DUTY, 82, 82.00, 71.91, 70
ANGLE, 2.51, 1.30, 1.64, 2.51

WEIGHTS, 90.90,81.78
DUTY, 82, 82.00, 71.91, 70
ANGLE, 0.98, 0.67, 0.20, 0.98

WEIGHTS, 62.74,119.73
DUTY, 73, 82.00, 73.25, 92
ANGLE, 1.89, 0.99, 2.71, 1.89

WEIGHTS, 49.47,126.43
DUTY, 82, 82.00, 79.06, 99
ANGLE, 2.84, 0.84, 1.37, 2.84

WEIGHTS, 41.91,136.25
DUTY, 82, 82.00, 84.11, 100
ANGLE, 2.00, 1.11, 1.63, 2.00

WEIGHTS, 41.31,134.86
DUTY, 87, 82.49, 87.94, 100
ANGLE, 0.05, 1.13, 1.19, 0.05

WEIGHTS, 39.41,142.92
DUTY, 90, 83.75, 90.85, 100
ANGLE, 2.94, 1.58, 2.07, 2.94

WEIGHTS, 36.41,115.17
DUTY, 93, 85.29, 93.06, 100
ANGLE, 1.98, 1.98, -1.39, -5.44

WEIGHTS, 102.02,84.79
DUTY, 86, 86.27, 89.54, 66
ANGLE, 17.72, 6.36, 17.72, 23.33

WEIGHTS, 106.37,68.19
DUTY, 86, 86.22, 83.23, 62
ANGLE, 20.92, 10.27, 20.92, 36.05

WEIGHTS, 89.64,97.49
DUTY, 78, 83.80, 78.18, 63
ANGLE, 3.22, 9.60, 3.22, -9.61

WEIGHTS, 26.94,154.29
DUTY, 82, 82.64, 79.90, 100
ANGLE, 7.01, 8.34, 5.23, 7.01

WEIGHTS, 39.93,144.15
DUTY, 82, 82.37, 84.75, 100
ANGLE, 6.04, 6.04, 3.83, 16.33

WEIGHTS, 27.64,150.66
DUTY, 88, 82.80, 88.43, 100
ANGLE, 5.75, 5.75, 10.39, 13.30

WEIGHTS, 30.47,147.71
DUTY, 91, 84.09, 91.22, 100
ANGLE, 5.39, 5.39, 0.82, -2.29

WEIGHTS, 35.46,139.86
DUTY, 93, 85.57, 93.34, 100
ANGLE, -3.69, 2.50, -3.69, 1.01

WEIGHTS, 46.01,105.30
DUTY, 94, 87.09, 94.94, 100
ANGLE, -9.29, 1.40, -9.29, -59.57

WEIGHTS, 72.65,82.29
DUTY, 94, 88.51, 94.86, 92
ANGLE, 1.40, 1.40, 4.40, 10.94

WEIGHTS, 80.96,89.80
DUTY, 86, 88.43, 91.74, 86
ANGLE, -4.17, 0.70, -4.17, -12.00

WEIGHTS, 88.43,93.87
DUTY, 88, 88.13, 88.36, 71
ANGLE, 10.63, -0.05, 10.63, 48.91

WEIGHTS, 78.37,107.93
DUTY, 89, 87.93, 88.05, 89
ANGLE, 1.43, 1.43, 1.75, -9.64

WEIGHTS, 40.45,120.03
DUTY, 88, 88.59, 89.69, 100
ANGLE, 4.59, 4.59, 7.10, -25.95

WEIGHTS, 71.37,104.96
DUTY, 89, 88.90, 90.47, 89
ANGLE, 10.26, 4.66, 10.26, 48.05

WEIGHTS, 57.92,111.28
DUTY, 91, 88.88, 90.08, 91
ANGLE, 4.24, 4.24, 4.31, 16.99

WEIGHTS, 61.35,106.85
DUTY, 91, 89.41, 90.47, 91
ANGLE, 6.75, 4.49, 8.28, 6.75

WEIGHTS, 93.00,62.67
DUTY, 89, 89.24, 87.41, 68
ANGLE, 5.17, 5.17, 9.33, 12.62

WEIGHTS, 130.46,41.41
DUTY, 81, 87.40, 81.39, 62
ANGLE, -9.66, 1.25, -9.66, 10.12

WEIGHTS, 140.05,42.24
DUTY, 76, 83.32, 76.71, 62
ANGLE, -1.24, -1.24, -5.81, -10.03

WEIGHTS, 132.82,32.88
DUTY, 73, 79.42, 73.28, 62
ANGLE, -1.02, -1.02, -3.16, -6.65

WEIGHTS, 137.67,26.58
DUTY, 70, 75.89, 70.56, 62
ANGLE, 8.34, 1.23, 8.34, 8.58

WEIGHTS, 144.54,27.09
DUTY, 73, 73.43, 68.50, 62
ANGLE, -4.63, 0.10, -4.63, -24.34

WEIGHTS, 143.67,31.62
DUTY, 66, 71.28, 66.93, 62
ANGLE, -0.11, -0.11, -4.03, -35.35

WEIGHTS, 153.63,23.80
DUTY, 62, 67.44, 65.74, 62
ANGLE, -6.90, -1.48, -6.90, -36.84

WEIGHTS, 127.51,83.22
DUTY, 64, 65.44, 64.97, 64
ANGLE, -2.04, -2.65, -5.26, -2.04

WEIGHTS, 84.91,99.43
DUTY, 65, 65.42, 68.95, 85
ANGLE, -3.55, -3.55, -7.89, -14.53

WEIGHTS, 73.14,96.62
DUTY, 73, 67.59, 73.49, 87
ANGLE, -5.34, -4.23, -4.44, -5.34

WEIGHTS, 120.93,56.95
DUTY, 63, 67.99, 72.96, 63
ANGLE, -4.15, -4.15, -2.29, 2.26

WEIGHTS, 133.35,12.47
DUTY, 62, 65.87, 70.54, 62
ANGLE, -14.61, -7.25, -14.61, -12.80

WEIGHTS, 8.11,10.41
DUTY, 62, 64.27, 68.48, 62
ANGLE, -6.92, -6.92, -2.74, -0.74

WEIGHTS, -10.72,10.16
DUTY, 82, 82.00, 68.48, 62
ANGLE, -5.89, -5.89, -1.02, -0.18

WEIGHTS, -10.65,10.16
DUTY, 82, 82.00, 68.48, 62
ANGLE, -5.38, -5.38, -0.50, -0.23

WEIGHTS, -10.61,10.16
DUTY, 82, 82.00, 68.48, 62
ANGLE, -0.55, -4.04, -0.45, -0.55

