WEIGHTS, -10.00,10.00
DUTY, 82, 82.00, 82.00, 82
ANGLE, 2.12, 1.83, 2.10, 2.12

WEIGHTS, -10.00,10.00
DUTY, 82, 82.00, 82.00, 82
ANGLE, 2.17, 1.97, 2.12, 2.17

WEIGHTS, -9.52,10.03
DUTY, 82, 82.00, 82.00, 82
ANGLE, -9.24, 0.89, -8.79, -43.38

WEIGHTS, -2.05,10.31
DUTY, 82, 82.00, 84.32, 100
ANGLE, 2.17, 0.56, 2.05, 2.17

WEIGHTS, 106.16,13.29
DUTY, 82, 82.00, 83.51, 62
ANGLE, 0.91, 0.91, 0.79, -4.53

WEIGHTS, 130.02,93.60
DUTY, 82, 82.00, 78.39, 63
ANGLE, 8.77, 1.81, 8.13, 18.12

WEIGHTS, 106.43,60.72
DUTY, 75, 82.00, 75.99, 63
ANGLE, 2.06, 2.06, 2.26, 7.29

WEIGHTS, 81.21,88.62
DUTY, 82, 82.00, 74.91, 70
ANGLE, 3.28, 2.39, 3.17, 3.28

WEIGHTS, 77.62,91.78
DUTY, 82, 82.00, 74.91, 70
ANGLE, 2.65, 2.59, 2.60, 2.65

WEIGHTS, 67.34,107.42
DUTY, 75, 82.00, 75.91, 90
ANGLE, 3.01, 2.91, 2.88, 3.01

WEIGHTS, 61.29,115.82
DUTY, 82, 82.00, 79.69, 93
ANGLE, 2.13, 3.00, 2.09, 2.13

WEIGHTS, 58.14,117.66
DUTY, 82, 82.00, 83.26, 94
ANGLE, 4.17, 3.26, 4.06, 4.17

WEIGHTS, 57.98,118.20
DUTY, 82, 82.00, 86.09, 95
ANGLE, 3.25, 3.28, 3.23, 3.25

WEIGHTS, 51.61,119.77
DUTY, 88, 82.76, 88.50, 97
ANGLE, 3.25, 3.27, 3.19, 3.25

WEIGHTS, 51.44,119.63
DUTY, 90, 84.02, 90.55, 97
ANGLE, 3.22, 3.25, 3.14, 3.22

WEIGHTS, 72.33,60.55
DUTY, 91, 85.27, 91.76, 91
ANGLE, 12.20, 4.76, 11.56, 12.29

WEIGHTS, 107.63,56.61
DUTY, 85, 85.22, 84.80, 62
ANGLE, 7.84, 7.84, 7.74, -16.58

WEIGHTS, 99.16,75.86
DUTY, 79, 84.41, 79.37, 63
ANGLE, 1.23, 5.79, 1.28, 5.71

WEIGHTS, 80.73,114.15
DUTY, 82, 81.95, 76.94, 68
ANGLE, -3.72, 2.43, -3.60, 2.15

WEIGHTS, 44.60,122.46
DUTY, 82, 82.20, 81.68, 100
ANGLE, 6.34, 2.35, 6.18, 6.34

WEIGHTS, 41.07,134.71
DUTY, 82, 82.12, 85.97, 100
ANGLE, 3.48, 3.48, 3.34, -5.54

WEIGHTS, 47.92,125.20
DUTY, 89, 82.95, 89.36, 100
ANGLE, 2.97, 2.97, 3.20, 14.94

WEIGHTS, 34.72,128.24
DUTY, 91, 84.35, 91.87, 100
ANGLE, 4.50, 3.12, 4.36, 4.50

WEIGHTS, 45.42,114.59
DUTY, 93, 85.87, 93.83, 100
ANGLE, 3.12, 3.12, 3.14, 15.53

WEIGHTS, 80.26,88.87
DUTY, 86, 86.88, 91.00, 70
ANGLE, 4.26, 5.60, 4.04, 4.26

WEIGHTS, 78.08,100.60
DUTY, 86, 86.72, 85.69, 70
ANGLE, 6.41, 6.41, 6.19, -10.33

WEIGHTS, 66.12,103.55
DUTY, 86, 86.59, 83.90, 71
ANGLE, 6.92, 6.92, 6.48, -2.67

WEIGHTS, 64.89,107.08
DUTY, 88, 86.54, 84.49, 88
ANGLE, 4.80, 6.43, 4.71, 4.80

WEIGHTS, 59.46,105.14
DUTY, 88, 86.72, 85.22, 88
ANGLE, 6.43, 6.43, 6.34, -1.86

WEIGHTS, 68.75,104.18
DUTY, 86, 86.72, 85.57, 86
ANGLE, 8.92, 6.21, 8.82, 8.92

WEIGHTS, 60.93,108.23
DUTY, 87, 86.73, 85.86, 87
ANGLE, 15.39, 8.12, 15.24, 16.98

WEIGHTS, 55.95,114.34
DUTY, 89, 86.88, 86.27, 89
ANGLE, -3.27, 6.39, -3.27, -17.77

WEIGHTS, 55.40,103.74
DUTY, 95, 88.12, 88.04, 95
ANGLE, -8.63, 2.50, -8.37, -20.51

WEIGHTS, 109.56,60.08
DUTY, 88, 88.26, 85.72, 67
ANGLE, -0.73, -0.73, -0.67, 26.84

WEIGHTS, 87.91,79.57
DUTY, 81, 86.65, 81.72, 71
ANGLE, 0.04, 0.04, -0.24, -14.30

WEIGHTS, 60.38,131.06
DUTY, 94, 85.58, 81.49, 94
ANGLE, 0.63, 0.63, 0.41, -15.92

WEIGHTS, 67.05,100.84
DUTY, 94, 85.92, 85.38, 94
ANGLE, 1.34, 1.34, 1.36, 20.82

WEIGHTS, 52.74,107.18
DUTY, 94, 87.15, 87.12, 94
ANGLE, 8.45, 3.35, 8.32, 6.67

WEIGHTS, 62.96,98.85
DUTY, 88, 87.75, 87.89, 88
ANGLE, 10.83, 4.69, 10.66, 23.21

WEIGHTS, 76.06,95.80
DUTY, 87, 87.56, 85.42, 70
ANGLE, 3.40, 5.89, 3.52, 3.40

WEIGHTS, 67.58,101.71
DUTY, 81, 86.67, 81.70, 70
ANGLE, 20.80, 9.82, 20.34, 26.25

WEIGHTS, 66.80,110.11
DUTY, 78, 83.55, 78.75, 69
ANGLE, 14.78, 10.98, 14.43, 14.78

WEIGHTS, 70.33,94.91
DUTY, 76, 80.69, 76.25, 66
ANGLE, 20.12, 13.92, 19.61, 22.15

WEIGHTS, 76.54,89.63
DUTY, 72, 77.65, 72.87, 62
ANGLE, 4.74, 13.48, 4.69, -9.58

WEIGHTS, 95.98,69.27
DUTY, 70, 74.75, 70.25, 62
ANGLE, 3.25, 10.63, 3.52, 4.57

WEIGHTS, 100.44,68.69
DUTY, 68, 72.61, 68.26, 62
ANGLE, 3.42, 8.68, 3.21, -3.23

WEIGHTS, 109.69,58.43
DUTY, 62, 69.54, 66.75, 62
ANGLE, 11.23, 7.02, 11.05, 11.23

WEIGHTS, 113.75,61.51
DUTY, 62, 66.42, 65.60, 62
ANGLE, 7.38, 6.33, 7.08, 7.38

WEIGHTS, 77.59,114.72
DUTY, 69, 66.00, 65.51, 69
ANGLE, 10.72, 6.16, 10.79, 37.69

WEIGHTS, 57.85,110.49
DUTY, 72, 67.01, 72.58, 97
ANGLE, 6.16, 6.16, 5.93, -2.34

WEIGHTS, 114.59,53.64
DUTY, 64, 68.57, 73.62, 64
ANGLE, 8.88, 5.11, 8.63, 8.88

WEIGHTS, 108.60,60.60
DUTY, 65, 66.44, 71.14, 65
ANGLE, -7.60, 2.01, -7.16, -20.00

WEIGHTS, 94.98,11.50
DUTY, 62, 64.86, 69.10, 62
ANGLE, -2.11, -1.06, -1.99, -2.11

WEIGHTS, -4.05,9.86
DUTY, 63, 63.80, 67.46, 63
ANGLE, 2.16, -0.77, 2.10, 2.16
