REMOVED angles > 10
WEIGHTS, 75.11,89.30
ANGLE, 3.82, 2.71, 3.73, 3.82

WEIGHTS, 83.82,105.41
ANGLE, 6.29, 3.30, 6.11, 6.29

WEIGHTS, 62.45,119.12
ANGLE, 4.88, 3.40, 4.67, 4.88

WEIGHTS, 49.81,127.36
ANGLE, 4.66, 3.45, 4.56, 4.66

WEIGHTS, 47.61,128.53
ANGLE, 2.17, 3.48, 2.13, 2.17

WEIGHTS, 49.68,129.43
ANGLE, 2.51, 3.26, 2.41, 2.51

WEIGHTS, 44.92,136.01
ANGLE, 3.32, 3.27, 3.25, 3.32

WEIGHTS, 41.47,140.54
ANGLE, 3.41, 3.31, 3.39, 3.41

WEIGHTS, 37.79,140.24
ANGLE, 2.67, 3.21, 2.61, 2.67

WEIGHTS, 36.84,135.93
ANGLE, 2.88, 3.23, 2.81, 2.88

WEIGHTS, 38.16,138.82
ANGLE, 3.34, 3.42, 3.28, 3.34

WEIGHTS, 36.17,138.80
ANGLE, 3.74, 3.47, 3.68, 3.74

WEIGHTS, 38.56,140.18
ANGLE, 10.55, 4.19, 10.27, 31.17

WEIGHTS, 42.19,106.71
ANGLE, 5.05, 5.05, 4.97, -11.18

WEIGHTS, 84.31,75.48
ANGLE, 5.19, 5.07, 5.00, 5.19

WEIGHTS, 93.80,85.12
ANGLE, 5.36, 5.36, 5.23, 20.94

WEIGHTS, 88.51,75.74
ANGLE, 16.83, 7.01, 16.37, 34.39

WEIGHTS, 104.23,69.64
ANGLE, 17.36, 9.11, 17.20, 13.17

WEIGHTS, 105.47,72.59
ANGLE, 22.79, 11.18, 22.48, 40.44

WEIGHTS, 101.94,91.44
ANGLE, 18.11, 12.98, 17.71, 1.90

WEIGHTS, 70.88,122.60
ANGLE, 12.98, 12.98, 12.78, 23.51

WEIGHTS, 48.24,124.78
ANGLE, 12.98, 12.98, 12.49, 5.27

WEIGHTS, 46.27,114.62
ANGLE, 4.44, 12.13, 4.37, -8.60

WEIGHTS, 53.37,125.81
ANGLE, 11.41, 11.41, 10.98, 13.90

WEIGHTS, 42.31,124.37
ANGLE, 1.52, 9.85, 1.31, -9.04

WEIGHTS, 47.54,120.35
ANGLE, -2.64, 7.67, -2.54, -9.32

WEIGHTS, 41.57,137.61
ANGLE, 6.81, 6.81, 6.53, 21.88

WEIGHTS, 32.37,131.88
ANGLE, 8.37, 6.50, 8.04, 8.37

WEIGHTS, 38.20,138.05
ANGLE, 1.91, 6.04, 1.99, 1.91

WEIGHTS, 31.65,140.26
ANGLE, 7.97, 6.23, 7.71, 7.97

WEIGHTS, 27.83,129.58
ANGLE, 6.05, 6.05, 5.99, -4.02

WEIGHTS, 43.83,131.06
ANGLE, 6.05, 6.05, 6.06, 0.27

WEIGHTS, 35.40,134.25
ANGLE, 1.95, 5.80, 1.92, 1.95

WEIGHTS, 35.09,133.03
ANGLE, 5.19, 5.19, 5.28, 19.17

WEIGHTS, 39.43,117.75
ANGLE, -3.01, 4.37, -2.85, -21.81

WEIGHTS, 62.94,84.73
ANGLE, 5.89, 4.02, 5.96, 5.89

WEIGHTS, 84.39,88.31
ANGLE, 0.40, 3.66, 0.35, 0.40

WEIGHTS, 85.67,78.67
ANGLE, 12.46, 5.63, 11.87, 2.26

WEIGHTS, 86.73,91.59
ANGLE, 3.90, 5.36, 3.86, 3.90

WEIGHTS, 76.12,95.52
ANGLE, 5.36, 5.36, 5.13, -0.11

WEIGHTS, 76.18,100.32
ANGLE, -2.80, 4.59, -2.75, -23.42

WEIGHTS, 71.60,103.40
ANGLE, 5.03, 5.03, 4.80, 17.66

WEIGHTS, 67.30,105.79
ANGLE, -0.92, 4.43, -0.95, -25.56

WEIGHTS, 65.39,101.54
ANGLE, -1.70, 3.05, -1.72, 5.44

WEIGHTS, 71.77,110.73
ANGLE, -1.62, 2.59, -1.50, -1.62

WEIGHTS, 64.20,104.25
ANGLE, 2.33, 2.34, 2.23, 2.33

WEIGHTS, 62.80,109.63
ANGLE, 2.34, 2.34, 2.41, 19.79

WEIGHTS, 62.92,96.69
ANGLE, 8.94, 3.00, 9.10, 22.00

WEIGHTS, 79.79,90.12
ANGLE, 9.50, 4.35, 9.05, 5.77

WEIGHTS, 78.37,99.76
ANGLE, 4.71, 4.38, 4.53, 4.71

WEIGHTS, 67.37,99.75
ANGLE, 4.38, 4.38, 4.57, -1.62

WEIGHTS, 75.04,95.45
ANGLE, -3.69, 3.65, -3.75, -17.33

WEIGHTS, 71.19,99.88
ANGLE, -6.28, 1.65, -6.16, -2.32

WEIGHTS, 65.34,115.74
ANGLE, 7.30, 1.57, 7.24, 45.67

WEIGHTS, 48.46,121.61
ANGLE, 2.13, 2.13, 1.96, -9.91

WEIGHTS, 56.66,102.83
ANGLE, 8.22, 2.52, 7.95, 26.56

WEIGHTS, 67.08,93.66
ANGLE, 3.08, 3.08, 2.92, -4.98

WEIGHTS, 86.59,77.86
ANGLE, 10.77, 4.54, 10.48, 10.97

WEIGHTS, 89.36,83.94
ANGLE, 4.54, 4.54, 4.39, 14.15

WEIGHTS, 88.91,86.40
ANGLE, -1.28, 3.87, -1.42, -26.92

WEIGHTS, 81.88,101.97
ANGLE, 7.31, 4.22, 7.26, 7.31

WEIGHTS, 70.88,101.19
ANGLE, -4.89, 2.61, -4.48, -8.92

WEIGHTS, 66.20,110.81
ANGLE, -4.25, 1.16, -4.20, 0.67

WEIGHTS, 59.41,105.21
ANGLE, -10.85, -0.31, -10.80, -32.48

WEIGHTS, 72.50,107.90
ANGLE, -0.31, -0.31, -0.37, 32.02

WEIGHTS, 54.74,107.91
ANGLE, 3.38, 0.06, 3.20, 3.38

WEIGHTS, 71.21,96.03
ANGLE, 5.63, 0.62, 5.43, 20.14

WEIGHTS, 72.93,97.90
ANGLE, 6.88, 1.14, 6.82, 15.26

WEIGHTS, 72.05,99.93
ANGLE, 7.90, 1.73, 7.77, 15.91

WEIGHTS, 71.40,99.96
ANGLE, 2.26, 2.26, 2.33, -6.06

WEIGHTS, 72.55,96.41
ANGLE, 7.19, 2.43, 6.95, 21.39

WEIGHTS, 71.29,97.58
ANGLE, 2.43, 2.43, 2.35, -17.05

WEIGHTS, 71.13,102.50
ANGLE, -5.37, 1.00, -5.28, -7.09

WEIGHTS, 68.76,98.75
ANGLE, 7.85, 1.78, 7.60, 41.97

WEIGHTS, 73.21,100.05
ANGLE, 10.77, 3.23, 10.55, 19.09

WEIGHTS, 67.26,99.18
ANGLE, 3.84, 3.84, 3.95, -25.39

WEIGHTS, 71.71,94.07
ANGLE, 7.39, 3.71, 7.26, 7.39

WEIGHTS, 73.79,102.45
ANGLE, -3.09, 3.03, -3.04, -10.66

WEIGHTS, 64.80,106.71
ANGLE, 2.26, 2.26, 2.29, 10.81

WEIGHTS, 66.90,105.21
ANGLE, -0.25, 1.97, -0.46, -0.25

WEIGHTS, 66.67,106.12
ANGLE, 2.11, 2.35, 2.44, 2.11

WEIGHTS, 69.39,101.40
ANGLE, 9.38, 3.06, 9.19, 27.60

WEIGHTS, 70.75,84.36
ANGLE, -2.60, 2.00, -2.66, -3.06

WEIGHTS, 93.32,64.61
ANGLE, 2.00, 2.00, 2.08, -6.21

WEIGHTS, 103.27,97.59
ANGLE, 2.48, 2.41, 2.40, 2.48

WEIGHTS, 65.86,120.47
ANGLE, 2.41, 2.41, 2.28, 14.36

WEIGHTS, 52.08,107.66
ANGLE, 1.75, 1.75, 1.42, 27.29

WEIGHTS, 71.83,98.17
ANGLE, 10.56, 3.36, 10.33, 13.00

WEIGHTS, 70.47,91.22
ANGLE, 14.88, 4.51, 14.75, 46.30

WEIGHTS, 84.05,73.34
ANGLE, 5.73, 5.26, 6.11, 5.73

WEIGHTS, 90.26,56.81
ANGLE, -0.40, 4.70, -0.65, -8.74

WEIGHTS, 117.87,50.98
ANGLE, 3.01, 3.01, 2.81, 34.93

WEIGHTS, 125.55,48.33
ANGLE, -6.97, 1.37, -6.72, -15.57

WEIGHTS, 120.65,45.17
ANGLE, -15.24, -1.36, -14.58, -29.26

WEIGHTS, 132.75,34.37
ANGLE, -3.08, -3.08, -3.04, 30.77

WEIGHTS, 137.58,37.14
ANGLE, -3.01, -3.01, -2.99, 16.63

WEIGHTS, 124.84,44.34
ANGLE, 7.55, -1.16, 7.33, 12.51

WEIGHTS, 129.53,30.78
ANGLE, -1.16, -1.16, -1.01, -12.08

WEIGHTS, 147.18,34.23
ANGLE, 0.43, -0.54, 0.13, 0.43

WEIGHTS, 127.97,41.46
ANGLE, 8.34, 0.35, 8.32, 20.09

WEIGHTS, 135.65,23.98
ANGLE, 10.47, 1.36, 10.41, 28.26

WEIGHTS, 151.07,26.63
ANGLE, 2.66, 2.66, 2.60, -30.90

WEIGHTS, 138.15,33.78
ANGLE, -7.74, 2.24, -8.07, -59.54

WEIGHTS, 131.46,44.71
ANGLE, 1.39, 1.39, 1.32, 9.49

WEIGHTS, 127.39,74.59
ANGLE, -0.64, 1.09, -0.46, -0.64

WEIGHTS, 78.79,99.75
ANGLE, 0.85, 0.85, 1.14, -11.34

WEIGHTS, 73.75,94.16
ANGLE, 0.02, 0.77, 0.05, 0.02
