WEIGHTS, 70.12,98.06
ANGLE, 5.27, 3.66, 5.06, 5.65

WEIGHTS, 60.43,107.54
ANGLE, 2.41, 3.56, 2.44, 3.91

WEIGHTS, 63.07,105.76
ANGLE, 4.10, 3.54, 3.81, 2.81

WEIGHTS, 56.47,110.47
ANGLE, 2.29, 3.61, 2.25, 5.69

WEIGHTS, 66.01,109.38
ANGLE, 2.38, 3.53, 2.42, 4.03

WEIGHTS, 68.16,112.17
ANGLE, 4.34, 3.50, 4.22, 2.37

WEIGHTS, 60.88,111.33
ANGLE, 1.63, 3.22, 1.78, 2.49

WEIGHTS, 62.76,104.31
ANGLE, -5.30, 2.37, -5.14, 3.22

WEIGHTS, 85.96,51.78
ANGLE, 1.77, 1.77, 1.84, -3.63

WEIGHTS, 124.75,47.39
ANGLE, 1.16, 1.16, 1.27, -4.31

WEIGHTS, 113.32,64.84
ANGLE, 2.08, 2.08, 2.10, 10.35

WEIGHTS, 86.81,108.75
ANGLE, 9.23, 2.80, 9.10, 2.08

WEIGHTS, 42.51,127.63
ANGLE, 9.12, 4.10, 8.60, 10.25

WEIGHTS, 49.98,119.75
ANGLE, 4.10, 4.10, 3.92, 4.10

WEIGHTS, 67.28,120.24
ANGLE, 4.10, 4.10, 4.32, 4.10

WEIGHTS, 61.69,116.53
ANGLE, 4.10, 4.10, 3.81, 4.10

WEIGHTS, 45.62,115.99
ANGLE, 2.35, 3.93, 2.27, 4.10

WEIGHTS, 60.44,117.78
ANGLE, 4.33, 3.59, 4.31, -0.27

WEIGHTS, 48.26,127.13
ANGLE, 3.76, 3.76, 3.55, 5.32

WEIGHTS, 40.65,123.53
ANGLE, 3.44, 3.61, 3.40, 2.41

WEIGHTS, 42.75,124.93
ANGLE, 4.13, 3.66, 4.06, 3.61

WEIGHTS, 44.28,117.03
ANGLE, 1.60, 3.70, 1.31, 6.42

WEIGHTS, 57.28,96.57
ANGLE, 11.53, 5.08, 11.45, 10.35

WEIGHTS, 76.20,80.12
ANGLE, 11.16, 5.69, 10.86, 5.08

WEIGHTS, 85.22,84.26
ANGLE, 24.93, 8.51, 24.28, 15.66

WEIGHTS, 83.06,84.03
ANGLE, 16.71, 10.43, 16.30, 20.72

WEIGHTS, 81.55,98.00
ANGLE, 10.43, 10.43, 10.03, 10.43

WEIGHTS, 70.72,101.20
ANGLE, 4.80, 9.30, 5.02, 4.15

WEIGHTS, 66.17,101.09
ANGLE, 2.50, 8.42, 2.24, 7.05

WEIGHTS, 63.05,129.63
ANGLE, 14.31, 9.01, 14.31, 8.42

WEIGHTS, 46.24,123.36
ANGLE, 9.01, 9.01, 8.87, 9.01

WEIGHTS, 43.42,121.72
ANGLE, 9.59, 9.59, 9.51, 14.82

WEIGHTS, 51.26,125.97
ANGLE, 11.83, 9.81, 11.47, 9.59

WEIGHTS, 38.69,129.57
ANGLE, 1.51, 8.98, 1.35, 9.81

WEIGHTS, 49.62,124.65
ANGLE, 0.53, 7.45, 0.65, 1.34

WEIGHTS, 49.73,121.77
ANGLE, 0.34, 6.11, 0.27, 0.46

WEIGHTS, 46.03,116.48
ANGLE, 5.54, 5.54, 5.40, 0.40

WEIGHTS, 52.32,128.81
ANGLE, 5.14, 5.14, 4.86, 1.57

WEIGHTS, 39.30,126.88
ANGLE, 5.15, 5.14, 5.28, 5.14

WEIGHTS, 48.73,122.77
ANGLE, 12.78, 6.50, 12.72, 11.79

WEIGHTS, 53.93,101.22
ANGLE, 6.50, 6.50, 6.40, 6.50

WEIGHTS, 74.51,91.69
ANGLE, 5.92, 5.92, 5.81, 0.69

WEIGHTS, 70.13,95.28
ANGLE, 7.96, 6.23, 7.93, 7.13

WEIGHTS, 75.99,77.47
ANGLE, 6.23, 6.23, 6.29, 6.23

WEIGHTS, 90.89,83.94
ANGLE, 7.14, 7.14, 7.21, 15.32

WEIGHTS, 81.41,91.03
ANGLE, 13.10, 7.23, 13.21, 1.52

WEIGHTS, 71.72,101.32
ANGLE, 3.56, 6.87, 3.42, 7.23

WEIGHTS, 61.87,128.36
ANGLE, 6.48, 6.48, 6.25, 3.00

WEIGHTS, 45.42,113.64
ANGLE, 5.92, 5.92, 5.58, 0.87

WEIGHTS, 54.39,118.57
ANGLE, -0.23, 5.38, -0.12, 6.81

WEIGHTS, 54.20,120.57
ANGLE, 4.68, 4.68, 3.90, -1.68

WEIGHTS, 52.75,120.63
ANGLE, 4.68, 4.68, 4.72, 4.68

WEIGHTS, 53.25,115.71
ANGLE, -3.25, 3.25, -3.37, -2.35

WEIGHTS, 48.39,119.23
ANGLE, 5.47, 3.47, 5.26, 3.25

WEIGHTS, 55.32,121.78
ANGLE, 3.91, 3.91, 4.15, 7.86

WEIGHTS, 51.56,119.63
ANGLE, 3.91, 3.91, 3.78, 3.91

WEIGHTS, 47.21,119.84
ANGLE, 22.39, 6.42, 21.99, 11.19

WEIGHTS, 51.18,114.83
ANGLE, 14.80, 8.48, 14.61, 20.08

WEIGHTS, 52.86,114.41
ANGLE, 3.85, 8.02, 3.75, 8.48

WEIGHTS, 56.11,106.56
ANGLE, 17.08, 9.80, 16.74, 17.74

WEIGHTS, 68.04,89.50
ANGLE, 4.75, 9.30, 4.66, 9.80

WEIGHTS, 85.40,88.29
ANGLE, 9.30, 9.30, 8.92, 9.30

WEIGHTS, 72.46,98.70
ANGLE, 9.73, 9.73, 9.46, 13.60

WEIGHTS, 67.90,100.68
ANGLE, -0.05, 8.75, -0.00, 9.73

WEIGHTS, 74.72,102.19
ANGLE, -0.59, 7.21, -0.70, 2.01

WEIGHTS, 64.51,120.35
ANGLE, -8.31, 4.84, -7.99, -1.89

WEIGHTS, 57.53,118.41
ANGLE, -1.53, 3.23, -1.37, -5.94

WEIGHTS, 50.10,111.31
ANGLE, 2.56, 2.56, 2.60, -3.45

WEIGHTS, 53.15,118.25
ANGLE, 11.59, 3.47, 11.27, 2.56

WEIGHTS, 51.81,116.34
ANGLE, 9.97, 4.12, 9.80, 3.47

WEIGHTS, 53.79,114.14
ANGLE, 13.34, 5.69, 13.15, 11.33

WEIGHTS, 53.94,119.28
ANGLE, 5.69, 5.69, 5.28, 5.69

WEIGHTS, 49.72,116.64
ANGLE, 5.92, 5.92, 5.60, 8.03

WEIGHTS, 53.20,110.64
ANGLE, 5.92, 5.92, 5.82, 5.92

WEIGHTS, 57.41,113.32
ANGLE, 5.33, 5.33, 5.23, -0.02

WEIGHTS, 61.35,95.20
ANGLE, -3.77, 3.92, -3.67, -0.21

WEIGHTS, 82.20,82.25
ANGLE, -5.97, 1.92, -5.81, -7.35

WEIGHTS, 81.83,93.50
ANGLE, 6.16, 2.34, 5.93, 1.92

WEIGHTS, 68.52,108.18
ANGLE, 11.15, 3.90, 10.86, 9.93

WEIGHTS, 60.04,103.48
ANGLE, 4.80, 4.80, 4.91, 12.85

WEIGHTS, 71.22,103.17
ANGLE, -2.10, 4.11, -2.10, 4.80

WEIGHTS, 60.56,107.38
ANGLE, 0.12, 3.71, 0.12, 4.11

WEIGHTS, 62.65,97.92
ANGLE, 5.09, 5.09, 5.25, 17.46

WEIGHTS, 76.26,82.29
ANGLE, 5.43, 5.43, 5.18, 8.56

WEIGHTS, 88.22,78.71
ANGLE, 13.75, 6.94, 13.55, 12.94

WEIGHTS, 87.65,84.47
ANGLE, 14.43, 7.69, 14.22, 6.94

WEIGHTS, 79.39,97.71
ANGLE, 7.69, 7.69, 7.62, 7.69

WEIGHTS, 65.93,112.21
ANGLE, 0.88, 7.33, 0.95, 11.28

WEIGHTS, 56.38,111.27
ANGLE, 7.33, 7.33, 7.02, 7.33

WEIGHTS, 56.17,116.79
ANGLE, 17.54, 8.95, 17.22, 13.98

WEIGHTS, 52.94,106.93
ANGLE, 9.67, 9.67, 9.52, 16.12

WEIGHTS, 66.37,106.75
ANGLE, 9.67, 9.67, 9.51, 9.67

WEIGHTS, 61.35,110.81
ANGLE, 2.42, 8.94, 2.35, 9.67
