WEIGHTS, -10.66,9.78
DUTY, 82
ANGLE, 296, -289, 1055, -595, -277, 7.82

WEIGHTS, -10.65,9.59
DUTY, 82
ANGLE, 266, -346, 1722, -354, 1518, 5.79

WEIGHTS, -10.58,10.17
DUTY, 82
ANGLE, 15, -254, 1098, 43, 1625, 0.46

WEIGHTS, -10.36,9.61
DUTY, 82
ANGLE, 363, -167, 1303, 418, 487, 7.43

WEIGHTS, -10.53,9.72
DUTY, 82
ANGLE, 96, 249, 1244, 311, -789, 4.03

WEIGHTS, -10.57,9.86
DUTY, 82
ANGLE, 144, -252, 972, -687, -829, 7.86

WEIGHTS, -10.47,9.54
DUTY, 82
ANGLE, 207, -199, 1457, -178, 1603, 7.71

WEIGHTS, -10.55,9.93
DUTY, 82
ANGLE, -44, -255, 1430, -132, 2638, -2.04

WEIGHTS, -10.47,9.79
DUTY, 82
ANGLE, 101, -216, 1141, 225, 2489, 4.67

WEIGHTS, -10.41,9.58
DUTY, 82
ANGLE, 144, 81, 1268, 208, 2414, 6.17

WEIGHTS, -10.49,9.88
DUTY, 82
ANGLE, 84, -95, 1086, -802, 4087, 4.11

WEIGHTS, -10.38,9.62
DUTY, 82
ANGLE, 50, 56, 1592, -838, 6184, 1.50

WEIGHTS, -10.43,9.82
DUTY, 82
ANGLE, 14, 46, 1609, -471, 6881, 0.20

WEIGHTS, -10.29,9.85
DUTY, 82
ANGLE, 59, -46, 1000, -18, 4973, 3.07

WEIGHTS, -10.41,9.62
DUTY, 82
ANGLE, 151, -5, 1241, 355, 3910, 6.64

WEIGHTS, -10.25,9.71
DUTY, 82
ANGLE, 199, -11, 1202, -84, 2077, 9.10

WEIGHTS, -10.42,9.63
DUTY, 82
ANGLE, 135, -46, 1116, -795, 1443, 6.59

WEIGHTS, -10.47,9.65
DUTY, 82
ANGLE, 101, -103, 1444, -959, 1231, 3.69

WEIGHTS, -10.41,9.96
DUTY, 82
ANGLE, 26, -43, 1353, -315, 885, 0.80

WEIGHTS, -10.42,9.99
DUTY, 82
ANGLE, 48, -35, 1595, 186, 1086, 1.42

WEIGHTS, -10.37,10.13
DUTY, 82
ANGLE, 1, -78, 1594, 185, 167, -0.26

WEIGHTS, -10.40,10.06
DUTY, 82
ANGLE, 61, -113, 1418, -29, -288, 2.16

WEIGHTS, -10.41,9.88
DUTY, 82
ANGLE, 2, -45, 1400, -296, 551, -0.22

WEIGHTS, -10.34,9.66
DUTY, 82
ANGLE, 38, -139, 1892, 8, 346, 0.85

WEIGHTS, -10.11,9.76
DUTY, 82
ANGLE, -35, -64, 1314, -93, 361, -1.82

WEIGHTS, -9.92,9.75
DUTY, 82
ANGLE, 4, -58, 1292, 14, 330, -0.12

WEIGHTS, -9.83,9.76
DUTY, 82
ANGLE, 7, -68, 1403, 14, 331, -0.01

WEIGHTS, -9.83,9.76
DUTY, 82
ANGLE, 7, -63, 1352, 3, 360, -0.00

WEIGHTS, -9.83,9.77
DUTY, 82
ANGLE, 7, -72, 1375, 9, 338, -0.01

WEIGHTS, -9.83,9.77
DUTY, 82
ANGLE, 7, -68, 1369, 1, 341, -0.01

WEIGHTS, -9.83,9.78
DUTY, 82
ANGLE, -513, -76, 1401, 88, 244, -0.06

WEIGHTS, -9.84,9.78
DUTY, 82
ANGLE, -15, -55, 1450, -20, 338, -0.89

WEIGHTS, -9.82,9.77
DUTY, 82
ANGLE, 2, -66, 1331, -3, 349, -0.21

WEIGHTS, -9.82,9.78
DUTY, 82
ANGLE, 7, -59, 1376, 7, 346, -0.01

WEIGHTS, -9.82,9.78
DUTY, 82
ANGLE, 7, -70, 1368, -3, 347, -0.01

WEIGHTS, -9.85,9.78
DUTY, 82
ANGLE, 125, -97, 1389, 11, 325, 4.83

WEIGHTS, -9.82,9.77
DUTY, 82
ANGLE, -20, -73, 1372, -16, 334, -1.13

WEIGHTS, -9.81,9.78
DUTY, 82
ANGLE, 18, -119, 1358, -18, 326, 0.46

WEIGHTS, -9.83,9.79
DUTY, 82
ANGLE, -31, -212, 1328, 16, 293, -1.62

WEIGHTS, -9.84,9.79
DUTY, 82
ANGLE, -3, -67, 1386, 20, 347, -0.42

WEIGHTS, -9.82,9.79
DUTY, 82
ANGLE, 8, -64, 1369, -8, 344, 0.03

WEIGHTS, -9.82,9.79
DUTY, 82
ANGLE, 4, -60, 1371, -3, 338, -0.13

WEIGHTS, -9.82,9.78
DUTY, 82
ANGLE, 9, -72, 1374, 6, 338, 0.07

WEIGHTS, -9.82,9.79
DUTY, 82
ANGLE, 6, -72, 1375, -1, 329, -0.05

WEIGHTS, -9.81,9.79
DUTY, 82
ANGLE, 3, -65, 1370, 11, 343, -0.17

WEIGHTS, -9.82,9.80
DUTY, 82
ANGLE, 0, -80, 1363, -4, 341, -0.30

WEIGHTS, -9.85,9.79
DUTY, 82
ANGLE, 45, -53, 1342, 13, 345, 1.62

WEIGHTS, -9.82,9.78
DUTY, 82
ANGLE, -4, -59, 1396, 7, 340, -0.46

WEIGHTS, -9.82,9.79
DUTY, 82
ANGLE, -1, -71, 1369, -11, 344, -0.34

WEIGHTS, -9.82,9.79
DUTY, 82
ANGLE, 3, -55, 1358, 13, 334, -0.17

WEIGHTS, -9.83,9.79
DUTY, 82
ANGLE, 4, -63, 1369, 12, 336, -0.13

WEIGHTS, -9.83,9.79
DUTY, 82
ANGLE, 4, -55, 1365, -9, 351, -0.13

WEIGHTS, -9.82,9.79
DUTY, 82
ANGLE, 6, -71, 1373, 8, 338, -0.05

WEIGHTS, -9.82,9.80
DUTY, 82
ANGLE, 3, -58, 1370, -7, 340, -0.17

WEIGHTS, -9.82,9.80
DUTY, 82
ANGLE, 3, -64, 1371, -4, 348, -0.17

WEIGHTS, -9.82,9.79
DUTY, 82
ANGLE, 13, -64, 1373, 9, 340, 0.24

WEIGHTS, -9.82,9.79
DUTY, 82
ANGLE, 6, -72, 1375, 3, 346, -0.05

WEIGHTS, -9.80,9.80
DUTY, 82
ANGLE, 1, -75, 1369, -5, 329, -0.26

WEIGHTS, -9.84,9.78
DUTY, 82
ANGLE, 4, -64, 1379, 4, 340, -0.13

WEIGHTS, -9.79,9.79
DUTY, 82
ANGLE, 8, -70, 1372, 7, 334, 0.03

WEIGHTS, -9.88,9.96
DUTY, 82
ANGLE, -79, -227, 1538, -76, 365, -3.21

WEIGHTS, -0.14,10.59
DUTY, 82
ANGLE, 47, -81, 1417, 603, 344, 1.60

WEIGHTS, 31.70,13.25
DUTY, 66
ANGLE, 1, -142, 1283, -115, 337, -0.26

WEIGHTS, 134.40,13.57
DUTY, 65
ANGLE, -16, -74, 1536, 112, 320, -0.90

WEIGHTS, 116.01,26.38
DUTY, 65
ANGLE, 413, 144, 955, -384, 284, -0.36

WEIGHTS, 150.20,87.29
DUTY, 64
ANGLE, -3, -137, 1411, -365, 466, -0.42

WEIGHTS, 51.52,66.78
DUTY, 82
ANGLE, 46, 92, 1401, 48, 324, 1.58

WEIGHTS, 120.16,60.23
DUTY, 64
ANGLE, -21, -288, 1376, 521, 158, -1.16

WEIGHTS, 105.85,61.91
DUTY, 65
ANGLE, 31, -61, 1351, -35, 386, 1.01

WEIGHTS, 114.63,74.50
DUTY, 65
ANGLE, 120, -92, 1346, -59, 310, 4.78

WEIGHTS, 87.32,98.46
DUTY, 65
ANGLE, 45, -90, 1361, -8, 335, 1.59

WEIGHTS, 66.30,108.42
DUTY, 67
ANGLE, 39, -113, 1378, 76, 329, 1.32

WEIGHTS, 60.55,113.33
DUTY, 70
ANGLE, 31, -157, 1394, 0, 340, 0.97

WEIGHTS, 59.70,122.18
DUTY, 73
ANGLE, 92, -148, 1335, 14, 317, 3.62

WEIGHTS, 51.45,126.68
DUTY, 76
ANGLE, 55, -188, 1373, 48, 314, 1.97

WEIGHTS, 46.49,125.34
DUTY, 82
ANGLE, 45, -193, 1360, -44, 351, 1.58

WEIGHTS, 51.12,128.31
DUTY, 82
ANGLE, 24, -149, 1381, -28, 349, 0.69

WEIGHTS, 46.92,126.01
DUTY, 82
ANGLE, 60, -149, 1368, 3, 352, 2.20

WEIGHTS, 45.37,125.88
DUTY, 82
ANGLE, 31, -122, 1352, 7, 333, 1.01

WEIGHTS, 46.03,125.27
DUTY, 88
ANGLE, 46, -135, 1369, 20, 336, 1.62

WEIGHTS, 44.22,125.04
DUTY, 89
ANGLE, 30, -157, 1361, 7, 335, 0.95

WEIGHTS, 46.82,124.70
DUTY, 91
ANGLE, 57, -149, 1372, 4, 343, 2.07

WEIGHTS, 46.38,128.84
DUTY, 92
ANGLE, 262, -177, 1477, 65, 329, 2.95

WEIGHTS, 48.53,106.07
DUTY, 93
ANGLE, -244, -1, 1485, -63, 330, -2.36

WEIGHTS, 100.35,52.51
DUTY, 91
ANGLE, 490, -109, 2789, -231, 469, -2.30

WEIGHTS, 115.86,57.89
DUTY, 86
ANGLE, 652, -216, 995, -8, 520, 0.40

WEIGHTS, 112.09,55.48
DUTY, 86
ANGLE, -484, -525, 1532, -151, 313, 0.14

WEIGHTS, 103.87,82.33
DUTY, 86
ANGLE, 1029, 1009, 135, 152, 524, 7.22

WEIGHTS, 82.14,91.68
DUTY, 80
ANGLE, -61, -603, 1191, -163, 358, -2.92

WEIGHTS, 83.29,82.88
DUTY, 85
ANGLE, -593, -21, 1070, 80, 392, 0.14

WEIGHTS, 73.71,115.93
DUTY, 82
ANGLE, -1021, 7, 2199, -187, 55, -0.09

WEIGHTS, 50.08,122.01
DUTY, 84
ANGLE, 1, -943, 1823, 211, 191, -0.27

WEIGHTS, 46.17,137.76
DUTY, 84
ANGLE, 674, 238, 88, -171, 226, -1.49

WEIGHTS, 29.21,137.55
DUTY, 84
ANGLE, 267, -421, 829, -110, 231, -1.50

WEIGHTS, 36.51,123.29
DUTY, 84
ANGLE, 99, -235, 2880, 147, 296, 1.66

WEIGHTS, 45.18,134.58
DUTY, 89
ANGLE, 201, -464, 969, 280, 382, 10.30

WEIGHTS, 37.25,131.98
DUTY, 90
ANGLE, 569, -254, 1501, 151, 373, 0.49

WEIGHTS, 33.61,134.61
DUTY, 91
ANGLE, -682, 237, 1671, 95, 453, 0.41

WEIGHTS, 38.85,91.70
DUTY, 92
ANGLE, 393, 271, 67, 275, 359, -0.56

WEIGHTS, 81.07,94.47
DUTY, 93
ANGLE, -262, -72, 1379, 29, 410, -0.35

WEIGHTS, 75.65,88.20
DUTY, 85
ANGLE, 1631, 712, 2652, 424, 364, -0.33

WEIGHTS, 83.39,79.49
DUTY, 87
ANGLE, -862, 635, 669, 246, 248, -0.38

WEIGHTS, 96.89,64.93
DUTY, 87
ANGLE, 611, 715, 3110, 142, 489, -0.32

WEIGHTS, 102.85,79.08
DUTY, 87
ANGLE, 78, 628, 1240, -154, 389, 2.91

WEIGHTS, 80.82,90.72
DUTY, 87
ANGLE, 126, -224, -426, 94, 468, 14.37

WEIGHTS, 77.67,91.98
DUTY, 86
ANGLE, 297, -1062, 733, 200, 254, 0.65

WEIGHTS, 71.09,113.17
DUTY, 88
ANGLE, -787, 47, 4793, 702, 147, -0.23

WEIGHTS, 43.48,134.54
DUTY, 87
ANGLE, 386, -261, 2064, 205, 371, -0.14

WEIGHTS, 48.83,102.11
DUTY, 87
ANGLE, 356, -251, -48, -236, 564, 0.29

WEIGHTS, 80.09,79.53
DUTY, 87
ANGLE, 63, -331, 2064, 509, 416, 1.43

WEIGHTS, 84.23,93.90
DUTY, 87
ANGLE, 1901, -1020, 2282, 299, 235, -0.10

WEIGHTS, 72.67,102.65
DUTY, 87
ANGLE, 638, -68, 1415, -86, 460, 0.22

WEIGHTS, 67.86,101.55
DUTY, 90
ANGLE, 359, -538, 119, 188, 468, 6.38

WEIGHTS, 65.06,99.04
DUTY, 91
ANGLE, -128, -1194, 1845, 100, 148, -3.63

WEIGHTS, 69.18,105.20
DUTY, 89
ANGLE, 19, -1142, -943, -30, 385, 0.43

WEIGHTS, 71.00,92.24
DUTY, 91
ANGLE, 118, 22, 2079, -137, 276, 2.95

WEIGHTS, 81.84,76.72
DUTY, 88
ANGLE, -276, 1514, 1173, -237, 259, 0.09

WEIGHTS, 92.81,88.82
DUTY, 88
ANGLE, 1132, -482, -1466, 45, 342, 0.19

WEIGHTS, 80.97,94.36
DUTY, 82
ANGLE, 374, -1560, 707, 248, 55, 0.25

WEIGHTS, 77.36,99.78
DUTY, 86
ANGLE, 255, -339, 901, 398, 139, 0.67

WEIGHTS, 65.88,120.12
DUTY, 90
ANGLE, -187, 264, 1221, -4, 491, -8.81

WEIGHTS, 53.26,110.49
DUTY, 87
ANGLE, -1633, -2013, 3691, 375, 289, -0.30

WEIGHTS, 58.39,114.53
DUTY, 96
ANGLE, -1226, 510, 2780, 9, 337, -0.29

WEIGHTS, 54.64,98.55
DUTY, 95
ANGLE, -232, 38, 3956, 628, 384, -3.66

WEIGHTS, 76.75,72.06
DUTY, 88
ANGLE, -1033, 925, 3621, -101, 587, -0.65

WEIGHTS, 104.53,61.94
DUTY, 89
ANGLE, 2875, -1621, 1754, 194, 255, -0.85

WEIGHTS, 100.21,78.71
DUTY, 83
ANGLE, 802, -271, 2854, 343, 440, -0.76

WEIGHTS, 86.94,77.73
DUTY, 81
ANGLE, -1567, -461, 2139, 489, 0, -0.90

WEIGHTS, 82.53,102.72
DUTY, 79
ANGLE, -157, 1188, 1901, -34, 76, -4.31

WEIGHTS, 41.41,151.25
DUTY, 85
ANGLE, 368, -221, 1441, 15, 75, -1.83

WEIGHTS, 16.03,152.98
DUTY, 85
ANGLE, 1164, 365, 756, 647, 399, 5.80

WEIGHTS, 23.58,136.91
DUTY, 85
ANGLE, -538, -197, 696, -98, 287, 6.72

WEIGHTS, 30.31,145.10
DUTY, 85
ANGLE, 571, -521, 2285, 166, 341, 2.86

WEIGHTS, 23.56,140.62
DUTY, 85
ANGLE, -282, 376, 2323, -122, 256, 0.44

WEIGHTS, 29.86,142.07
DUTY, 90
ANGLE, 295, -39, 1811, 206, 415, -1.04

WEIGHTS, 24.01,141.76
DUTY, 91
ANGLE, 155, -49, 1951, 34, 367, 4.24

WEIGHTS, 26.04,135.75
DUTY, 92
ANGLE, -298, -300, 1587, -64, 394, -0.49

WEIGHTS, 40.55,110.26
DUTY, 93
ANGLE, 509, 995, 1279, -132, 451, -0.27

WEIGHTS, 59.34,119.52
DUTY, 94
ANGLE, 18, -342, 2534, 139, 512, 0.10

WEIGHTS, 53.63,96.52
DUTY, 94
ANGLE, 225, 794, 1728, -63, 782, 6.45

WEIGHTS, 73.73,82.81
DUTY, 94
ANGLE, 1283, -636, 2274, 288, 468, 3.69

WEIGHTS, 86.62,81.52
DUTY, 88
ANGLE, -301, -191, 770, -307, 372, 18.96

WEIGHTS, 90.65,89.91
DUTY, 88
ANGLE, 2319, -1785, -1294, 159, 214, 11.67

WEIGHTS, 79.65,100.29
DUTY, 86
ANGLE, -545, 493, 294, -315, 209, 27.28

WEIGHTS, 74.33,100.44
DUTY, 89
ANGLE, -2734, -2874, 241, -3, 96, -1.87

WEIGHTS, 69.76,96.59
DUTY, 90
ANGLE, -266, -874, 1561, -328, 506, -3.01

WEIGHTS, 71.80,97.32
DUTY, 88
ANGLE, 884, 800, 2, 311, 759, 1.43

WEIGHTS, 73.82,95.22
DUTY, 88
ANGLE, 279, -129, 3551, 284, 683, 0.09

WEIGHTS, 75.75,91.23
DUTY, 88
ANGLE, 1551, 448, 981, 362, 737, 0.98

WEIGHTS, 78.65,92.09
DUTY, 86
ANGLE, 125, 866, -250, -147, 735, 7.60

WEIGHTS, 81.05,87.36
DUTY, 88
ANGLE, -1309, 1299, 2435, 259, 238, 2.98

WEIGHTS, 79.63,93.19
DUTY, 85
ANGLE, -305, 47, 1028, -100, -136, 6.86

WEIGHTS, 81.26,97.08
DUTY, 86
ANGLE, 674, -1085, 1764, -485, -194, 4.78

WEIGHTS, 72.61,114.56
DUTY, 88
ANGLE, 1026, -635, 1842, 416, -588, 7.21

WEIGHTS, 55.54,121.50
DUTY, 96
ANGLE, 1060, 31, 1515, 477, -655, 12.99

WEIGHTS, 62.46,116.64
DUTY, 95
ANGLE, 363, 953, 1759, -68, -38, 10.36

WEIGHTS, 73.67,79.31
DUTY, 92
ANGLE, -1626, -1113, 5138, -532, -251, -0.02

WEIGHTS, 100.26,52.10
DUTY, 89
ANGLE, 187, 344, 1294, -285, 523, 7.65

WEIGHTS, 125.49,47.01
DUTY, 83
ANGLE, 709, 1016, -1127, -209, 783, -0.91

WEIGHTS, 111.25,31.40
DUTY, 80
ANGLE, -400, 805, 1693, -740, 809, -0.79

WEIGHTS, 147.89,48.15
DUTY, 78
ANGLE, 158, -424, 684, 137, 232, 10.81

WEIGHTS, 95.76,82.10
DUTY, 76
ANGLE, 314, -1550, 2580, 75, 152, -0.24

WEIGHTS, 94.06,63.63
DUTY, 82
ANGLE, -324, -64, 2779, 201, -139, -0.23

WEIGHTS, 110.02,58.03
DUTY, 74
ANGLE, 255, 1952, 2738, 88, 38, -0.24

WEIGHTS, 117.34,48.72
DUTY, 73
ANGLE, -741, -298, 874, -243, 111, -0.09

WEIGHTS, 124.80,43.99
DUTY, 71
ANGLE, 747, 921, 1656, -332, 91, -0.20

WEIGHTS, 131.63,43.03
DUTY, 70
ANGLE, 608, 8, -982, -77, -44, -0.10

WEIGHTS, 135.06,46.66
DUTY, 69
ANGLE, -794, -1071, 2631, -94, 72, -0.23

WEIGHTS, 114.96,34.61
DUTY, 68
ANGLE, -1272, -713, 1977, -357, -133, -0.56

WEIGHTS, 150.36,34.37
DUTY, 72
ANGLE, -305, 501, 1700, -129, -104, -0.61

WEIGHTS, 121.07,65.54
DUTY, 62
ANGLE, -82, -583, 1462, -99, -326, -3.28

WEIGHTS, 80.84,90.00
DUTY, 70
ANGLE, -365, -664, -574, -186, 239, -1.40

WEIGHTS, 106.97,86.83
DUTY, 70
ANGLE, -193, -158, 1423, 15, 274, -7.98

WEIGHTS, 61.69,134.03
DUTY, 71
ANGLE, -469, -174, 1264, 4, 262, -4.22

WEIGHTS, 13.42,149.81
DUTY, 69
ANGLE, 380, -33, 1167, 121, 320, -2.43

WEIGHTS, -0.74,154.58
DUTY, 76
ANGLE, -254, -14, 1212, 204, 318, -2.90

WEIGHTS, 0.51,153.74
DUTY, 79
ANGLE, -168, -34, 1465, -124, 288, -6.84

WEIGHTS, 1.31,137.73
DUTY, 81
ANGLE, 63, -64, 1330, -172, 368, 2.41

WEIGHTS, -0.79,59.61
DUTY, 84
ANGLE, 19, -93, 1348, -77, 337, 0.51

WEIGHTS, -4.30,16.68
DUTY, 86
ANGLE, 30, -124, 1331, 16, 321, 0.99

WEIGHTS, -7.67,9.24
DUTY, 85
ANGLE, 9, -78, 1385, 11, 338, 0.07

WEIGHTS, -8.18,9.17
DUTY, 82
ANGLE, 2, -60, 1360, -11, 341, -0.22

WEIGHTS, -8.15,9.19
DUTY, 82
ANGLE, 5, -60, 1375, 7, 342, -0.09

WEIGHTS, -8.20,9.21
DUTY, 82
ANGLE, 252, -65, 1380, -3, 343, -0.84

WEIGHTS, -8.19,9.21
DUTY, 82
ANGLE, 6, -64, 1358, 0, 327, -0.05

WEIGHTS, -8.18,9.22
DUTY, 82
ANGLE, 2, -63, 1367, 8, 338, -0.22

WEIGHTS, -8.17,9.22
DUTY, 82
ANGLE, 4, -62, 1372, -8, 347, -0.13

WEIGHTS, -8.18,9.23
DUTY, 82
ANGLE, 4, -71, 1370, -10, 346, -0.13

WEIGHTS, -8.18,9.22
DUTY, 82
ANGLE, 5, -56, 1369, 3, 353, -0.09

WEIGHTS, -8.17,9.23
DUTY, 82
ANGLE, -4, -72, 1375, 9, 342, -0.47

WEIGHTS, -8.18,9.23
DUTY, 82
ANGLE, 4, -67, 1369, 1, 351, -0.13

WEIGHTS, -8.18,9.23
DUTY, 82
ANGLE, 4, -67, 1365, 0, 338, -0.13

WEIGHTS, -8.17,9.23
DUTY, 82
ANGLE, 5, -55, 1366, 4, 330, -0.09

WEIGHTS, -8.17,9.23
DUTY, 82
ANGLE, -1, -68, 1356, -9, 347, -0.34

WEIGHTS, -8.18,9.23
DUTY, 82
ANGLE, -1, -69, 1374, 14, 345, -0.34

WEIGHTS, -8.18,9.24
DUTY, 82
ANGLE, 5, -71, 1375, -9, 337, -0.09

