WEIGHTS, -10.02,9.78
DUTY, 82
ANGLE, 4, -65, 1363, -4, 338, -0.13

WEIGHTS, -10.00,9.77
DUTY, 82
ANGLE, 11, -61, 1369, -1, 346, 0.16

WEIGHTS, -9.99,9.77
DUTY, 82
ANGLE, 15, -69, 1369, -2, 336, 0.33

WEIGHTS, -9.98,9.78
DUTY, 82
ANGLE, 9, -76, 1377, 4, 330, 0.07

WEIGHTS, -9.99,9.78
DUTY, 82
ANGLE, 17, -63, 1365, -3, 327, 0.41

WEIGHTS, -10.00,9.80
DUTY, 82
ANGLE, 15, -69, 1356, 1, 333, 0.33

WEIGHTS, -10.05,9.82
DUTY, 82
ANGLE, 9, -57, 1358, -1, 348, 0.08

WEIGHTS, -10.06,9.81
DUTY, 82
ANGLE, 23, -59, 1378, 0, 345, 0.66

WEIGHTS, -10.05,9.81
DUTY, 82
ANGLE, 4, -56, 1361, -10, 332, -0.13

WEIGHTS, -10.04,9.78
DUTY, 82
ANGLE, 4, -61, 1367, -4, 340, -0.13

WEIGHTS, -9.99,9.78
DUTY, 82
ANGLE, 2, -66, 1364, -9, 332, -0.22

WEIGHTS, -9.95,9.76
DUTY, 82
ANGLE, 4, -64, 1365, 2, 332, -0.13

WEIGHTS, -9.92,9.77
DUTY, 82
ANGLE, 8, -58, 1359, 7, 341, 0.04

WEIGHTS, -9.92,9.77
DUTY, 82
ANGLE, 5, -70, 1362, -7, 349, -0.09

WEIGHTS, -9.92,9.77
DUTY, 82
ANGLE, 5, -64, 1371, 7, 340, -0.09

WEIGHTS, -9.93,9.78
DUTY, 82
ANGLE, 8, -61, 1379, 5, 334, 0.03

WEIGHTS, -9.93,9.77
DUTY, 82
ANGLE, 17, -54, 1358, -3, 333, 0.42

WEIGHTS, -9.93,9.78
DUTY, 82
ANGLE, 62, -62, 1370, 11, 336, 2.29

WEIGHTS, -9.92,9.78
DUTY, 82
ANGLE, 234, -63, 1407, -49, 329, 9.13

WEIGHTS, -9.94,9.80
DUTY, 82
ANGLE, 238, -18, 2252, -81, 389, 5.73

WEIGHTS, -9.92,9.83
DUTY, 82
ANGLE, 193, -228, -1510, 189, 344, 6.90

WEIGHTS, -9.92,9.83
DUTY, 82
ANGLE, 347, -238, 510, 269, 387, 10.42

WEIGHTS, -9.81,9.84
DUTY, 82
ANGLE, -21, 43, 883, 105, 313, -1.66

WEIGHTS, -9.90,9.84
DUTY, 82
ANGLE, -133, -357, 1520, -150, 330, -5.17

WEIGHTS, -9.91,9.87
DUTY, 82
ANGLE, -109, -271, 1466, -6, 298, -4.48

WEIGHTS, -9.83,9.89
DUTY, 82
ANGLE, -20, -172, 989, 27, 384, -1.44

WEIGHTS, -9.87,9.88
DUTY, 82
ANGLE, -130, -133, 943, 190, 333, -8.07

WEIGHTS, -9.77,9.87
DUTY, 82
ANGLE, -14, 370, 199, -290, 304, -2.21

WEIGHTS, -9.87,9.87
DUTY, 82
ANGLE, 99, -306, 594, 240, 386, 8.13

WEIGHTS, -9.88,9.89
DUTY, 82
ANGLE, -71, -860, 370, 367, 313, -4.64

WEIGHTS, -10.00,9.89
DUTY, 82
ANGLE, -246, -825, 1979, -75, 263, -0.93

WEIGHTS, -9.86,9.86
DUTY, 82
ANGLE, -307, -430, 1489, 6, 297, -1.17

WEIGHTS, -9.80,9.91
DUTY, 82
ANGLE, -216, -243, 127, -494, 247, -38.53

WEIGHTS, -9.90,9.91
DUTY, 82
ANGLE, 360, -421, 2737, -258, 176, -2.07

WEIGHTS, -9.87,9.89
DUTY, 82
ANGLE, 144, 6, 538, 479, 274, 14.68

WEIGHTS, -9.74,9.88
DUTY, 82
ANGLE, 452, 531, 854, -1, 386, -1.10

WEIGHTS, -9.75,9.87
DUTY, 82
ANGLE, -504, -219, 2743, -300, 260, -0.42

WEIGHTS, -9.89,9.88
DUTY, 82
ANGLE, 380, -544, 1758, 159, 366, -0.48

WEIGHTS, -9.87,9.87
DUTY, 82
ANGLE, 38, -613, 2185, -258, 349, 0.66

WEIGHTS, -9.85,9.90
DUTY, 82
ANGLE, -164, 233, 2532, -167, 310, -3.99

WEIGHTS, -9.84,9.89
DUTY, 82
ANGLE, -487, -63, 1910, -181, 204, -0.53

WEIGHTS, -9.86,9.90
DUTY, 82
ANGLE, 365, 1351, -845, -447, 352, -0.57

WEIGHTS, -9.89,9.90
DUTY, 82
ANGLE, -628, 34, 1833, 95, 332, -0.54

WEIGHTS, -9.82,9.87
DUTY, 82
ANGLE, 248, -212, 2314, -260, 335, -0.64

WEIGHTS, -9.75,9.89
DUTY, 82
ANGLE, -377, -623, -1224, 392, 284, -0.88

WEIGHTS, -9.89,9.90
DUTY, 82
ANGLE, -1031, 13, 1224, 828, 273, -0.95

WEIGHTS, -9.85,9.90
DUTY, 82
ANGLE, -89, 144, 528, -335, 357, -9.54

WEIGHTS, -9.85,9.91
DUTY, 82
ANGLE, 463, -305, 951, -416, 373, -1.14

WEIGHTS, -9.81,9.90
DUTY, 82
ANGLE, -436, -932, 2043, -116, 165, -0.44

WEIGHTS, -9.86,9.90
DUTY, 82
ANGLE, 505, -1419, 5199, -724, 364, -0.36

WEIGHTS, -9.82,9.91
DUTY, 82
ANGLE, 975, 180, 442, 2, 300, -0.47

WEIGHTS, -9.86,9.88
DUTY, 82
ANGLE, -318, -1296, 1750, 421, 278, -0.34

WEIGHTS, -9.84,9.92
DUTY, 82
ANGLE, 228, -702, 2051, 283, 259, 5.70

WEIGHTS, -9.80,9.90
DUTY, 82
ANGLE, -1157, -62, 1983, -484, 228, 0.14

WEIGHTS, -9.90,9.88
DUTY, 82
ANGLE, 870, -1264, -199, -140, 349, -0.71

WEIGHTS, -9.81,9.90
DUTY, 82
ANGLE, -307, -421, 445, -88, 386, -1.15

WEIGHTS, -9.80,9.89
DUTY, 82
ANGLE, 273, -1353, 3166, 131, 299, -0.59

WEIGHTS, -9.77,9.90
DUTY, 82
ANGLE, 751, 306, 3991, -316, 423, -0.55

WEIGHTS, -9.86,9.91
DUTY, 82
ANGLE, 561, 602, 2107, 219, 228, 0.40

WEIGHTS, -9.74,9.91
DUTY, 82
ANGLE, 900, -657, 2941, -429, 250, 4.28

WEIGHTS, -9.87,9.89
DUTY, 82
ANGLE, -27, 59, 2684, -300, 242, -0.88

WEIGHTS, -9.87,9.93
DUTY, 82
ANGLE, 624, -710, 687, 152, 292, 17.67

WEIGHTS, -9.86,9.88
DUTY, 82
ANGLE, -1285, -717, 1532, 842, 124, 2.72

WEIGHTS, -9.81,9.87
DUTY, 82
ANGLE, -57, 226, -120, -397, 290, -12.86

WEIGHTS, -9.75,9.89
DUTY, 82
ANGLE, 131, -688, 256, 159, 330, 9.82

WEIGHTS, -9.79,9.88
DUTY, 82
ANGLE, -379, -632, 2543, -802, 267, -0.06

WEIGHTS, -9.81,9.90
DUTY, 82
ANGLE, -212, 136, -468, 234, 320, -23.81

WEIGHTS, -9.82,9.94
DUTY, 82
ANGLE, 279, 1458, 4618, -820, 301, -0.43

WEIGHTS, -9.89,9.92
DUTY, 82
ANGLE, -163, 407, 2270, 78, 328, -4.34

WEIGHTS, -9.94,9.89
DUTY, 82
ANGLE, -682, -331, -228, 44, 251, 1.07

WEIGHTS, -9.87,9.95
DUTY, 82
ANGLE, 545, -709, 2176, 810, 327, -0.41

WEIGHTS, -9.87,9.90
DUTY, 82
ANGLE, -849, -679, -1529, -294, 162, 0.19

WEIGHTS, -9.90,9.91
DUTY, 82
ANGLE, 1131, -54, 1194, 43, 339, 0.39

WEIGHTS, -9.88,9.90
DUTY, 82
ANGLE, 602, -199, 2012, -191, 299, -0.28

WEIGHTS, -9.95,9.90
DUTY, 82
ANGLE, -312, -1040, 711, -460, 203, -0.27

WEIGHTS, -9.92,9.90
DUTY, 82
ANGLE, -60, -315, -2135, 179, 324, -1.89

WEIGHTS, -9.83,9.94
DUTY, 82
ANGLE, -540, -9, 2174, 197, 226, -0.44

WEIGHTS, -9.92,9.90
DUTY, 82
ANGLE, 319, 54, -189, 225, 349, -6.09

WEIGHTS, -9.90,9.92
DUTY, 82
ANGLE, -296, 209, 1209, 25, 272, -1.23

WEIGHTS, -9.97,9.92
DUTY, 82
ANGLE, -51, -256, 2084, -147, 340, -1.69

WEIGHTS, -9.97,9.89
DUTY, 82
ANGLE, -482, 71, -493, -704, 701, -2.95

WEIGHTS, -9.83,9.91
DUTY, 82
ANGLE, -172, -14, 1352, 228, 409, -7.55

WEIGHTS, -9.82,9.91
DUTY, 82
ANGLE, 45, -39, 1634, -25, 360, 1.28

WEIGHTS, -9.77,9.88
DUTY, 82
ANGLE, 48, -66, 1284, -39, 350, 1.84

WEIGHTS, -9.90,9.87
DUTY, 82
ANGLE, 65, -58, 1371, 23, 335, 2.41

WEIGHTS, -9.86,9.87
DUTY, 82
ANGLE, 47, -64, 1371, -10, 341, 1.66

WEIGHTS, -9.84,9.86
DUTY, 82
ANGLE, 55, -61, 1364, 2, 337, 2.01

WEIGHTS, -9.86,9.87
DUTY, 82
ANGLE, 54, -58, 1359, -11, 326, 1.97

WEIGHTS, -9.86,9.87
DUTY, 82
ANGLE, 64, -62, 1361, 11, 326, 2.39

WEIGHTS, -9.86,9.87
DUTY, 82
ANGLE, 47, -55, 1357, -9, 338, 1.68

WEIGHTS, -9.86,9.87
DUTY, 82
ANGLE, 68, -61, 1355, -5, 325, 2.57

WEIGHTS, -9.86,9.87
DUTY, 82
ANGLE, 70, -58, 1355, 1, 341, 2.65

WEIGHTS, -9.85,9.87
DUTY, 82
ANGLE, 74, -55, 1369, -6, 349, 2.79

WEIGHTS, -9.86,9.87
DUTY, 82
ANGLE, 66, -64, 1367, 10, 328, 2.46

WEIGHTS, -9.87,9.86
DUTY, 82
ANGLE, 55, -64, 1363, 1, 340, 2.01

WEIGHTS, -9.85,9.87
DUTY, 82
ANGLE, 55, -71, 1358, 6, 341, 2.02

WEIGHTS, -9.86,9.87
DUTY, 82
ANGLE, 52, -59, 1359, -2, 338, 1.89

WEIGHTS, -9.86,9.87
DUTY, 82
ANGLE, 58, -58, 1359, 9, 333, 2.14

WEIGHTS, -9.87,9.87
DUTY, 82
ANGLE, 52, -57, 1353, 6, 334, 1.90

WEIGHTS, -9.86,9.87
DUTY, 82
ANGLE, 63, -53, 1368, 1, 348, 2.33

WEIGHTS, -9.86,9.87
DUTY, 82
ANGLE, 49, -52, 1362, 2, 338, 1.76

WEIGHTS, -9.86,9.87
DUTY, 82
ANGLE, 65, -53, 1360, 1, 333, 2.43

WEIGHTS, -9.86,9.87
DUTY, 82
ANGLE, 59, -52, 1377, 5, 341, 2.15

WEIGHTS, -9.86,9.88
DUTY, 82
ANGLE, 59, -62, 1364, 10, 353, 2.17

WEIGHTS, -9.86,9.86
DUTY, 82
ANGLE, 39, -72, 1354, 0, 336, 1.35

WEIGHTS, -9.84,9.87
DUTY, 82
ANGLE, 51, -59, 1359, 9, 333, 1.85

WEIGHTS, -9.87,9.86
DUTY, 82
ANGLE, 61, -73, 1380, 1, 348, 2.23

WEIGHTS, -9.87,9.87
DUTY, 82
ANGLE, 65, -69, 1352, 6, 340, 2.45

WEIGHTS, -9.87,9.87
DUTY, 82
ANGLE, 63, -53, 1366, 5, 348, 2.34

WEIGHTS, -9.87,9.87
DUTY, 82
ANGLE, 62, -66, 1365, 8, 334, 2.30

