WEIGHTS, -9.99,9.99
DUTY, 82, 82.00, 82.00, 82
ANGLE, -0.50, -0.28, -0.44, -0.50

WEIGHTS, -10.00,10.00
DUTY, 82, 82.00, 82.00, 82
ANGLE, -0.47, -0.37, -0.51, -0.47

WEIGHTS, -10.00,10.00
DUTY, 82, 82.00, 82.00, 82
ANGLE, -0.53, -0.42, -0.50, -0.53

WEIGHTS, -6.08,10.24
DUTY, 82, 82.00, 82.00, 82
ANGLE, 2.12, -0.67, -3.70, 2.12

WEIGHTS, 5.85,10.50
DUTY, 82, 82.00, 82.00, 82
ANGLE, 1.31, -0.33, -0.81, 1.31

WEIGHTS, 125.01,14.03
DUTY, 82, 82.00, 79.42, 62
ANGLE, 2.60, -0.08, -1.68, 2.60

WEIGHTS, 98.35,65.46
DUTY, 82, 82.00, 76.50, 67
ANGLE, 0.15, 0.15, -1.18, -9.88

WEIGHTS, 85.84,87.82
DUTY, 73, 82.00, 73.91, 68
ANGLE, 3.06, 0.87, 0.45, 3.06

WEIGHTS, 60.71,115.35
DUTY, 82, 82.00, 77.40, 97
ANGLE, 2.56, 1.41, 2.90, 2.56

WEIGHTS, 51.80,131.11
DUTY, 82, 82.00, 81.90, 98
ANGLE, 4.12, 1.87, 4.90, 4.12

WEIGHTS, 49.81,137.41
DUTY, 82, 82.00, 86.26, 100
ANGLE, 1.14, 1.89, 2.81, 1.14

WEIGHTS, 43.73,136.85
DUTY, 89, 82.00, 89.58, 100
ANGLE, 3.34, 1.82, 2.25, 3.34

WEIGHTS, 35.52,140.89
DUTY, 92, 82.00, 92.09, 100
ANGLE, 4.70, 2.14, 2.61, 4.70

WEIGHTS, 33.46,142.99
DUTY, 93, 82.86, 94.00, 100
ANGLE, 0.74, 1.70, 1.46, 0.74

WEIGHTS, 31.37,140.54
DUTY, 95, 84.62, 95.44, 100
ANGLE, 1.46, 1.46, 2.66, 7.53

WEIGHTS, 92.55,63.59
DUTY, 95, 86.26, 95.68, 87
ANGLE, -2.07, 1.50, 2.54, -2.07

WEIGHTS, 63.45,105.44
DUTY, 92, 87.16, 92.20, 93
ANGLE, 6.97, 3.89, 6.28, 6.97

WEIGHTS, 95.19,79.06
DUTY, 87, 87.39, 90.38, 71
ANGLE, 2.81, 3.81, 7.06, 2.81

WEIGHTS, 95.11,77.55
DUTY, 87, 87.33, 85.46, 70
ANGLE, 4.16, 4.28, 6.28, 4.16

WEIGHTS, 82.77,95.25
DUTY, 86, 87.24, 82.86, 86
ANGLE, 15.59, 6.64, 15.59, 10.46

WEIGHTS, 73.26,103.86
DUTY, 91, 87.51, 84.37, 91
ANGLE, -3.45, 3.25, -3.45, -2.61

WEIGHTS, 59.40,114.93
DUTY, 95, 88.39, 86.54, 95
ANGLE, 2.20, 2.20, 0.20, -12.09

WEIGHTS, 72.03,90.57
DUTY, 90, 89.26, 88.36, 90
ANGLE, -0.71, 3.62, 6.10, -0.71

WEIGHTS, 64.92,96.33
DUTY, 93, 89.61, 89.15, 93
ANGLE, 6.93, 3.82, 7.49, 6.93

WEIGHTS, 69.74,113.77
DUTY, 92, 89.82, 89.60, 92
ANGLE, 4.31, 4.31, -0.31, -13.59

WEIGHTS, 56.05,112.27
DUTY, 98, 90.80, 91.23, 98
ANGLE, -6.71, 2.41, -6.71, -24.71

WEIGHTS, 85.42,106.73
DUTY, 89, 90.99, 91.42, 89
ANGLE, 16.85, 2.03, 16.85, 79.67

WEIGHTS, 96.38,66.60
DUTY, 90, 90.70, 89.57, 71
ANGLE, 2.02, 2.02, -0.29, -13.85

WEIGHTS, 130.34,38.43
DUTY, 83, 90.12, 83.91, 63
ANGLE, -24.04, -4.22, -24.04, -9.84

WEIGHTS, 139.14,36.60
DUTY, 78, 85.84, 78.63, 62
ANGLE, -6.26, -6.26, -9.27, 13.23

WEIGHTS, 123.90,48.62
DUTY, 74, 81.49, 74.81, 64
ANGLE, 6.36, -2.86, 6.36, 11.52

WEIGHTS, 148.42,32.47
DUTY, 71, 77.70, 71.89, 62
ANGLE, -0.10, -0.10, -1.80, -40.25

WEIGHTS, 125.52,44.90
DUTY, 69, 74.47, 69.57, 63
ANGLE, -2.72, -3.27, -7.57, -2.72

WEIGHTS, 146.76,29.81
DUTY, 67, 72.30, 67.80, 62
ANGLE, 14.03, 3.15, 14.03, 5.28

WEIGHTS, 147.09,31.81
DUTY, 62, 69.35, 66.40, 62
ANGLE, 18.40, 7.84, 18.40, -0.08

WEIGHTS, 125.31,65.53
DUTY, 64, 66.56, 65.47, 64
ANGLE, -1.45, 6.40, -1.45, -1.06

WEIGHTS, 54.94,117.10
DUTY, 66, 66.71, 69.72, 100
ANGLE, -4.06, 3.01, -4.06, -5.39

WEIGHTS, 58.27,108.00
DUTY, 76, 69.32, 76.67, 99
ANGLE, 1.42, 1.42, 3.76, 16.36

WEIGHTS, 123.79,55.87
DUTY, 77, 72.70, 77.30, 65
ANGLE, 1.57, 1.57, -1.37, -5.04

WEIGHTS, 126.83,12.82
DUTY, 62, 69.22, 74.19, 62
ANGLE, -8.60, -1.67, -8.60, -10.09

WEIGHTS, 8.21,10.30
DUTY, 62, 66.23, 71.25, 62
ANGLE, 1.21, -2.21, -3.99, 1.21

WEIGHTS, -11.34,10.25
DUTY, 82, 82.00, 71.25, 62
ANGLE, -0.99, -1.64, -1.63, -0.99

WEIGHTS, -11.22,10.26
DUTY, 82, 82.00, 71.25, 62
ANGLE, -0.37, -1.09, -0.57, -0.37

WEIGHTS, -11.16,10.27
DUTY, 82, 82.00, 71.25, 62
ANGLE, -0.03, -0.69, -0.15, -0.03

WEIGHTS, -11.12,10.27
DUTY, 82, 82.00, 71.25, 62
ANGLE, -0.27, -0.52, -0.18, -0.27

WEIGHTS, -11.07,10.27
DUTY, 82, 82.00, 71.25, 62
ANGLE, -0.11, -0.41, -0.18, -0.11

WEIGHTS, -11.06,10.28
DUTY, 82, 82.00, 71.25, 62
ANGLE, -0.27, -0.33, -0.18, -0.27
